pathway,pval,padj,log2err,ES,NES,size,leadingEdge
BIOCARTA_AGR_PATHWAY,0.29781021897810217,0.5922648298550426,0.09026354843400684,-0.41394251644834346,-1.124733646699414,19,
BIOCARTA_AKT_PATHWAY,0.7881619937694704,0.9706343958580251,0.07850290473486872,0.25346330331044775,0.795287111325607,18,
BIOCARTA_ARENRF2_PATHWAY,0.025866886130188393,0.13138145041664034,0.35248785758361917,0.5032375599982983,1.5789991694040095,18,
BIOCARTA_AT1R_PATHWAY,0.6740088105726872,0.9049755439365829,0.04959019569563381,-0.31641095383968204,-0.8518986020428923,18,
BIOCARTA_BAD_PATHWAY,0.7009345794392523,0.9117927314249714,0.0847985102819124,0.26596412784228696,0.8093668074997109,16,
BIOCARTA_BCELLSURVIVAL_PATHWAY,0.08888888888888889,0.3010043669817958,0.18138312849840757,-0.5477477121635039,-1.4201658013267127,15,
BIOCARTA_BCR_PATHWAY,0.08452722063037249,0.29397151608395555,0.18302393838448722,-0.49071938744412286,-1.380271796117819,22,
BIOCARTA_BIOPEPTIDES_PATHWAY,0.5605839416058395,0.8297112427122069,0.057852975703250924,-0.34183818230160135,-0.9288171426796615,19,
BIOCARTA_CELLCYCLE_PATHWAY,0.22429906542056074,0.4974677412251728,0.16440575583821013,0.39461134277122967,1.2008586469650349,16,
BIOCARTA_CERAMIDE_PATHWAY,0.14953271028037382,0.3944448878601644,0.20429475651688608,0.39902571600389203,1.2520155970534397,18,
BIOCARTA_CTCF_PATHWAY,0.12460063897763578,0.3590532698702484,0.22798720285044224,0.4116572644286069,1.3304465690874363,20,
BIOCARTA_CXCR4_PATHWAY,0.9177679882525698,1,0.03539106242224569,-0.24066956712841575,-0.631866707970639,16,
BIOCARTA_DEATH_PATHWAY,0.19877675840978593,0.4668797531136339,0.1737478389995708,0.4134458500509093,1.2292916825344957,15,
BIOCARTA_ECM_PATHWAY,0.17664233576642335,0.43130966017563954,0.12325722638133735,-0.4591135350250356,-1.2474689600100728,19,
BIOCARTA_EGF_PATHWAY,0.15064562410329985,0.3947599648534228,0.13355495455759195,-0.4604099630222901,-1.278263035777892,21,
BIOCARTA_EIF4_PATHWAY,0.6632801161103048,0.9008384979948961,0.0497903187820785,-0.31053605711402277,-0.8542956643544706,20,
BIOCARTA_ERK_PATHWAY,0.38198757763975155,0.6827423539586446,0.12210792028708148,0.3374467804722544,1.0460016571215804,17,
BIOCARTA_FAS_PATHWAY,0.9782608695652174,1,0.06736238681662789,0.18944598160167755,0.5872357425163591,17,
BIOCARTA_FCER1_PATHWAY,0.11218836565096953,0.3428787279202792,0.15419096658142434,-0.4488349175120871,-1.3297115942516164,27,
BIOCARTA_FMLP_PATHWAY,0.42898134863701576,0.7193843993770384,0.06994587365016587,-0.37257452849766065,-1.034400395518547,21,
BIOCARTA_G1_PATHWAY,0.0036910552177338435,0.02961232936045561,0.4317076958033464,0.59473978159599294,1.8435463993312147,17,
BIOCARTA_G2_PATHWAY,0.08505811354704469,0.2943677851186939,0.2878051305355643,0.5014407682986641,1.490925512197917,15,
BIOCARTA_GH_PATHWAY,0.24087591240875914,0.5168948150777628,0.10282184284081514,-0.4320716360205631,-1.1739927345139822,19,
BIOCARTA_GLEEVEC_PATHWAY,0.06569343065693431,0.2415602189781022,0.2114001893849227,-0.5304595585871404,-1.4413250392237247,19,
BIOCARTA_GPCR_PATHWAY,0.10473457675753228,0.32717969553459203,0.16318012718068908,-0.4804395079867134,-1.3338722297740566,21,
BIOCARTA_GSK3_PATHWAY,0.8675078864353313,1,0.07417589655880091,0.23056950310427232,0.7336334062533162,19,
BIOCARTA_HCMV_PATHWAY,0.6251851851851852,0.8774965024666813,0.05345721410899102,-0.33802031225779916,-0.8763977958505986,15,
BIOCARTA_HDAC_PATHWAY,0.12187958883994127,0.35313669807667486,0.15214492236756472,-0.4869006282329974,-1.3109216336917993,18,
BIOCARTA_HIVNEF_PATHWAY,0.056177791225016094,0.2154728505142281,0.3217759180753611,0.39466092077348197,1.4356319837540832,34,
BIOCARTA_IGF1MTOR_PATHWAY,0.5327102803738317,0.8158209499868226,0.10063338942303625,0.3027827563139637,0.95003584535944,18,
BIOCARTA_IGF1R_PATHWAY,0.98972099853157125,1,0.03178125068359488,-0.18298804578680075,-0.49267339990802184,18,
BIOCARTA_IGF1_PATHWAY,0.2569343065693431,0.5350903257756819,0.09889030075206362,-0.4266547716409688,-1.1592744357520877,19,
BIOCARTA_IL1R_PATHWAY,0.8751835535976505,1,0.037614259956216096,-0.25918948853139834,-0.6978366591441908,18,
BIOCARTA_IL2RB_PATHWAY,0.05299860529986053,0.21259667807784965,0.23112670967383428,-0.4958953732343671,-1.4488759231280728,25,
BIOCARTA_IL2_PATHWAY,0.11894273127753303,0.3484380426636445,0.15419096658142434,-0.5131302272213762,-1.3471994457097076,16,
BIOCARTA_IL6_PATHWAY,0.275,0.5563037249283668,0.09528798461948437,-0.4302075799793921,-1.1445429344458369,17,
BIOCARTA_INSULIN_PATHWAY,0.06715328467153285,0.24438257205207314,0.2089550275493539,-0.5302176368217676,-1.4406677074963188,19,
BIOCARTA_INTEGRIN_PATHWAY,0.2257617728531856,0.4980869113573407,0.1035763266125924,-0.4054847166946942,-1.1946887673460624,26,
BIOCARTA_KERATINOCYTE_PATHWAY,0.46404341926729986,0.7531371356384223,0.06335970106437581,-0.3344121145119354,-1.0054528442576935,29,
BIOCARTA_MAL_PATHWAY,0.9021406727828746,1,0.07061962471225905,0.22378986005964674,0.6653906758841767,15,
BIOCARTA_MAPK_PATHWAY,0.6133828996282528,0.8730813047127952,0.04613791602697367,-0.2697905260796701,-0.9132393140306272,57,
BIOCARTA_MET_PATHWAY,0.11690140845070422,0.3477832512315271,0.15214492236756472,-0.46154782614941414,-1.3215925304839102,23,
BIOCARTA_MTOR_PATHWAY,0.8472834067547724,1,0.03911552476814587,-0.27017889496724745,-0.7274243199579958,18,
BIOCARTA_NFAT_PATHWAY,0.353494623655914,0.6511198945981554,0.0764767053228531,-0.3577470672775105,-1.0962416912971116,33,
BIOCARTA_NTHI_PATHWAY,0.922173274596182,1,0.03516522904093021,-0.23945317409882105,-0.6286731248833419,16,
BIOCARTA_P38MAPK_PATHWAY,0.33214285714285713,0.6303571428571428,0.1429011493869481,0.30805864354726487,1.0666986481115595,26,
BIOCARTA_PDGF_PATHWAY,0.18591549295774648,0.4439210503879274,0.11724971674979229,-0.4349569374443588,-1.245452382268471,23,
BIOCARTA_PTEN_PATHWAY,0.8162962962962963,0.9784468339307049,0.041237609054006544,-0.2806713953031942,-0.727707132624708,15,
BIOCARTA_PYK2_PATHWAY,0.945480631276901,1,0.03287010327301046,-0.21747806611132633,-0.6037970403110291,21,
BIOCARTA_RACCYCD_PATHWAY,0.25901639344262295,0.5378399228543878,0.1563124030731863,0.35094829483130685,1.1449885697351219,21,
BIOCARTA_RAS_PATHWAY,0.9937888198757764,1,0.06658921041039328,0.1625904002838945,0.5039900747934332,17,
BIOCARTA_STRESS_PATHWAY,0.22397476340694006,0.4974677412251728,0.16565669520548273,0.3734831481351749,1.1883606047444493,19,
BIOCARTA_TCR_PATHWAY,0.2867036011080332,0.5781994650496178,0.08943668337186206,-0.3885874456794033,-1.1512233378915038,27,
BIOCARTA_TFF_PATHWAY,0.35259259259259257,0.6511198945981554,0.08175155825321447,-0.41915242136320097,-1.0867520231387366,15,
BIOCARTA_TGFB_PATHWAY,0.08689719017245945,0.2978127002997882,0.2878051305355643,0.5002322989756838,1.4873323904211355,15,
BIOCARTA_TNFR1_PATHWAY,0.07402366294093973,0.26261661324775604,0.2878051305355643,0.5114533826487102,1.5206958522301643,15,
BIOCARTA_TOLL_PATHWAY,0.05547445255474453,0.2154728505142281,0.23112670967383428,-0.5396691270096207,-1.4663485897524768,19,
BIOCARTA_TPO_PATHWAY,0.09838472834067548,0.3157255373114404,0.17093233537005617,-0.5033352709866148,-1.3551699412076472,18,
BIOCARTA_VDR_PATHWAY,0.8540372670807453,1,0.07417589655880091,0.23786378676852737,0.7373189774722159,17,
BIOCARTA_VIP_PATHWAY,0.9911764705882353,1,0.03178125068359488,-0.1802639586682414,-0.4795820664964928,17,
BIOCARTA_WNT_PATHWAY,0.6,0.8662576687116564,0.05502111171631165,-0.34211566692271317,-0.9101793821447162,17,
REACTOME_ABC_FAMILY_PROTEINS_MEDIATED_TRANSPORT,0.6820809248554913,0.9049755439365829,0.12503336755527242,0.20711422015234074,0.9120322501105879,70,
REACTOME_ACTIVATION_OF_APC_C_AND_APC_C_CDC20_MEDIATED_DEGRADATION_OF_MITOTIC_PROTEINS,0.3090909090909091,0.6056437323750343,0.19782202131510335,0.24485375468102394,1.0659580762120906,69,
REACTOME_ACTIVATION_OF_ATR_IN_RESPONSE_TO_REPLICATION_STRESS,0.21967213114754097,0.4923445225084569,0.17093233537005617,0.3615776099322521,1.1796673086660099,21,
REACTOME_ACTIVATION_OF_KAINATE_RECEPTORS_UPON_GLUTAMATE_BINDING,0.2088888888888889,0.4788167388167388,0.11284335567556247,-0.4729900497702837,-1.2263388383648155,15,
REACTOME_ACTIVATION_OF_NF_KAPPAB_IN_B_CELLS,0.033477515410353695,0.15447794692620723,0.3217759180753611,0.3516167639350739,1.4460530784170607,55,
REACTOME_ACTIVATION_OF_NMDA_RECEPTORS_AND_POSTSYNAPTIC_EVENTS,0.07555555555555556,0.2667111111111111,0.19782202131510335,-0.5591686193409928,-1.4497772108012172,15,
REACTOME_ACTIVATION_OF_THE_MRNA_UPON_BINDING_OF_THE_CAP_BINDING_COMPLEX_AND_EIFS_AND_SUBSEQUENT_BINDING_TO_43S,1.150346626541793e-5,2.4610446010257754e-4,0.5933254763964051,0.524353677627573,2.137820284006838,51,
REACTOME_ACTIVATION_OF_THE_PRE_REPLICATIVE_COMPLEX,0.6885245901639344,0.9049755439365829,0.0886261133285098,0.26085354426647944,0.8510493738218041,21,
REACTOME_ADAPTIVE_IMMUNE_SYSTEM,0.9475806451612904,1,0.011622042518008045,-0.192715714743208,-0.779500708106531,407,
REACTOME_ADHERENS_JUNCTIONS_INTERACTIONS,0.7941176470588235,0.9727763006340354,0.04216194300924518,-0.2880222067889394,-0.7662667909281596,17,
REACTOME_AGGREPHAGY,0.47368421052631576,0.7549007960080789,0.11146266692298015,0.293377357451035,0.9751897364387657,22,
REACTOME_AMINO_ACIDS_REGULATE_MTORC1,0.21428571428571427,0.48489010989010983,0.19189224038483796,0.3210396873787338,1.1973656664627716,37,
REACTOME_AMPLIFICATION_OF_SIGNAL_FROM_THE_KINETOCHORES,0.9812734082397003,1,0.023862286587709246,-0.17324956117301668,-0.5854370562796148,59,
REACTOME_ANCHORING_OF_THE_BASAL_BODY_TO_THE_PLASMA_MEMBRANE,0.8818181818181818,1,0.09314545753378035,0.1876134245817207,0.7497216148925456,48,
REACTOME_ANTIGEN_PRESENTATION_FOLDING_ASSEMBLY_AND_PEPTIDE_LOADING_OF_CLASS_I_MHC,0.10309278350515463,0.32638343118672275,0.2616635217115731,0.4151344988520884,1.4045145231188847,24,
REACTOME_ANTIGEN_PROCESSING_CROSS_PRESENTATION,0.09387140655866517,0.3068204306963778,0.2878051305355643,0.2977130151584106,1.261541733229836,61,
REACTOME_ANTIGEN_PROCESSING_UBIQUITINATION_PROTEASOME_DEGRADATION,0.8434873949579832,0.9991645987253961,0.022655622433351383,-0.20846915576328726,-0.8165371428691872,211,
REACTOME_ANTIVIRAL_MECHANISM_BY_IFN_STIMULATED_GENES,0.4975124378109453,0.7805417357656165,0.1372507796101328,0.23158158636578,0.979538657271492,60,
REACTOME_APC_CDC20_MEDIATED_DEGRADATION_OF_NEK2A,0.23157894736842105,0.5030607287449393,0.1723243449009459,0.3401622149649986,1.1660053512105022,25,
REACTOME_APC_C_CDC20_MEDIATED_DEGRADATION_OF_CYCLIN_B,0.11643835616438356,0.3477832512315271,0.24504178543099617,0.414664059426209,1.3838551529261605,23,
REACTOME_APC_C_CDH1_MEDIATED_DEGRADATION_OF_CDC20_AND_OTHER_APC_C_CDH1_TARGETED_PROTEINS_IN_LATE_MITOSIS_EARLY_G1,0.6235955056179775,0.8770088186579524,0.12944288774504625,0.21562690452781874,0.9259922337880522,65,
REACTOME_APC_C_MEDIATED_DEGRADATION_OF_CELL_CYCLE_PROTEINS,0.47058823529411764,0.7547133138969874,0.16440575583821013,0.2239580217410434,0.9931121841653031,76,
REACTOME_APOPTOSIS,0.927797833935018,1,0.024919740580511007,-0.19942233688658453,-0.68686096995707,66,
REACTOME_APOPTOTIC_CLEAVAGE_OF_CELLULAR_PROTEINS,0.96398891966759,1,0.030204194864478583,-0.19888664503711356,-0.5859842085734823,26,
REACTOME_APOPTOTIC_EXECUTION_PHASE,0.9745989304812834,1,0.02786991148742008,-0.1878179658564213,-0.572828456963214,32,
REACTOME_AQUAPORIN_MEDIATED_TRANSPORT,0.17664233576642335,0.43130966017563954,0.12325722638133735,-0.4596834738359689,-1.249017555121096,19,
REACTOME_ARACHIDONIC_ACID_METABOLISM,0.07111111111111111,0.25614512471655326,0.20429475651688608,-0.5605639595508605,-1.4533949610962262,15,
REACTOME_ASPARAGINE_N_LINKED_GLYCOSYLATION,0.006557745820091179,0.04538988773514091,0.40701791892395395,0.26658073771083496,1.323124689629409,174,
REACTOME_ASSEMBLY_OF_COLLAGEN_FIBRILS_AND_OTHER_MULTIMERIC_STRUCTURES,0.7971830985915493,0.973721916272723,0.04000315174981936,-0.2698538180079583,-0.7726973674152466,23,
REACTOME_ASSEMBLY_OF_THE_PRE_REPLICATIVE_COMPLEX,0.41818181818181815,0.7163589572877189,0.16823816568963962,0.22921513222019763,1.0190124461740049,74,
REACTOME_ASYMMETRIC_LOCALIZATION_OF_PCP_PROTEINS,0.6635071090047393,0.9008384979948961,0.11331290842208036,0.21911715788113786,0.8933533313080608,51,
REACTOME_AUF1_HNRNP_D0_BINDS_AND_DESTABILIZES_MRNA,0.1990521327014218,0.4668797531136339,0.21925034670375515,0.28814262995918716,1.1543707630374973,49,
REACTOME_AURKA_ACTIVATION_BY_TPX2,0.8552036199095022,1,0.09466462231533423,0.20222545642790218,0.7723045014938522,42,
REACTOME_AZATHIOPRINE_ADME,3.779302167335835e-5,7.021545605629208e-4,0.557332238758646,0.729226590538575,2.26042228363529,17,
REACTOME_BASE_EXCISION_REPAIR,0.24912280701754386,0.5265889274083413,0.16565669520548273,0.3343176691024172,1.1459714631084204,25,
REACTOME_BETA_CATENIN_INDEPENDENT_WNT_SIGNALING,0.9988331388564761,1,0.01877759304803789,-0.13582869549422288,-0.48628341000745523,87,
REACTOME_BILE_ACID_AND_BILE_SALT_METABOLISM,0.33627019089574156,0.6322976543983436,0.08383610571599288,-0.42060233340201636,-1.104271782022591,16,
REACTOME_BIOLOGICAL_OXIDATIONS,0.24793388429752067,0.5265889274083413,0.0886261133285098,-0.32580071134500366,-1.1486634096398007,79,
REACTOME_BIOSYNTHESIS_OF_THE_N_GLYCAN_PRECURSOR_DOLICHOL_LIPID_LINKED_OLIGOSACCHARIDE_LLO_AND_TRANSFER_TO_A_NASCENT_PROTEIN,0.4444444444444444,0.7400419287211739,0.12878871306171366,0.26460613788594006,0.9868882792244024,37,
REACTOME_BRANCHED_CHAIN_AMINO_ACID_CATABOLISM,1.4879234925452803e-6,4.0402845605267994e-5,0.6435518361507222,-0.7971081019049805,-2.1658425183321723,19,
REACTOME_CA2_PATHWAY,0.13642756680731363,0.38161109732219184,0.13959967345192228,-0.4479994984395765,-1.2940316484827745,24,
REACTOME_CARDIAC_CONDUCTION,4.127589088570899e-11,2.649161724119141e-9,0.851339057116899,-0.7443202422978449,-2.4393294088214543,46,
REACTOME_CARGO_CONCENTRATION_IN_THE_ER,0.2113564668769716,0.48134730843594176,0.17093233537005617,0.3798762585096585,1.2087024074435893,19,
REACTOME_CARGO_RECOGNITION_FOR_CLATHRIN_MEDIATED_ENDOCYTOSIS,0.7950310559006211,0.9727763006340354,0.03426882615919171,-0.23489962937328232,-0.7969279130506978,61,
REACTOME_CARGO_TRAFFICKING_TO_THE_PERICILIARY_MEMBRANE,0.26813880126182965,0.5450334534225425,0.15016980212840597,0.3600912838522544,1.1457499434137617,19,
REACTOME_CD28_CO_STIMULATION,0.17034700315457413,0.42496460857642876,0.19189224038483796,0.39825028283228153,1.2671654646515111,19,
REACTOME_CDC42_GTPASE_CYCLE,0.21099744245524296,0.48134730843594176,0.10282184284081514,-0.36174745005329795,-1.194278811779769,50,
REACTOME_CDK_MEDIATED_PHOSPHORYLATION_AND_REMOVAL_OF_CDC6,0.32085561497326204,0.6199437758615244,0.18138312849840757,0.24996153380056174,1.0669140340291312,63,
REACTOME_CELLULAR_RESPONSES_TO_STIMULI,0.15216601738632574,0.3947599648534228,0.24924655438329513,0.19773241627786056,1.06171408920903,351,
REACTOME_CELLULAR_RESPONSE_TO_CHEMICAL_STRESS,0.6535087719298246,0.8941418468652251,0.037614259956216096,-0.24273403982872382,-0.9184846442058548,134,
REACTOME_CELLULAR_RESPONSE_TO_HEAT_STRESS,0.06338629943737507,0.23677633546448043,0.2878051305355643,0.31350624297449703,1.3360310338720722,62,
REACTOME_CELLULAR_RESPONSE_TO_HYPOXIA,0.6117021276595744,0.8730813047127952,0.12687572992985735,0.21511734660419818,0.924613706164063,64,
REACTOME_CELLULAR_SENESCENCE,0.861244019138756,1,0.028503859924782167,-0.2184338502069173,-0.7617880390430308,73,
REACTOME_CELL_CELL_COMMUNICATION,0.7758186397984886,0.9626150434055061,0.03607299763882261,-0.24279463361841014,-0.7957006358728352,46,
REACTOME_CELL_CELL_JUNCTION_ORGANIZATION,0.9503649635036496,1,0.03345617410605075,-0.22581615958760531,-0.6135707799136384,19,
REACTOME_CELL_CYCLE,2.49399185319901e-4,0.0035933841803234712,0.49849310876659025,0.2519646318483864,1.350654657663959,361,
REACTOME_CELL_CYCLE_CHECKPOINTS,0.051901299888707744,0.20960067041118322,0.3217759180753611,0.23183144726283383,1.1534356846548004,175,
REACTOME_CELL_DEATH_SIGNALLING_VIA_NRAGE_NRIF_AND_NADE,0.4212962962962963,0.7163589572877189,0.1446305280344838,0.2581986459413468,0.9995347160375613,44,
REACTOME_CELL_EXTRACELLULAR_MATRIX_INTERACTIONS,0.12041116005873716,0.35128214463416707,0.15315880868307333,-0.5086479201711258,-1.335431357896411,16,
REACTOME_CELL_JUNCTION_ORGANIZATION,0.422103861517976,0.7163589572877189,0.06705125798294667,-0.3332868248324255,-1.0328505793161575,35,
REACTOME_CELL_SURFACE_INTERACTIONS_AT_THE_VASCULAR_WALL,0.2247765006385696,0.4974677412251728,0.09889030075206362,-0.3633403762903611,-1.1840481108164704,45,
REACTOME_CHAPERONIN_MEDIATED_PROTEIN_FOLDING,0.9759450171821306,1,0.07253518643945886,0.17574526700315518,0.5945947170323828,24,
REACTOME_CHOLESTEROL_BIOSYNTHESIS,0.0032332597379218335,0.02662549455702551,0.4317076958033464,0.6002041732126379,1.8604846634277714,17,
REACTOME_CHONDROITIN_SULFATE_DERMATAN_SULFATE_METABOLISM,0.6845425867507886,0.9049755439365829,0.08679497567717195,0.2653902385989559,0.8444271341543462,19,
REACTOME_CHROMATIN_MODIFYING_ENZYMES,0.025479053440599357,0.1313008155406069,0.35248785758361917,0.28827339776499183,1.3584049535330451,105,
REACTOME_CHROMOSOME_MAINTENANCE,0.41818181818181815,0.7163589572877189,0.14375898903927542,0.2543440157414576,1.016383591126663,48,
REACTOME_CITRIC_ACID_CYCLE_TCA_CYCLE,8.68351622568536e-10,4.378973182381332e-8,0.8012155746177786,-0.8573895211433197,-2.4116238416519487,22,
REACTOME_CLASS_A_1_RHODOPSIN_LIKE_RECEPTORS,3.372344350999513e-6,8.209914178640193e-5,0.6272567397185284,-0.6568728529067351,-2.11689458417468,42,
REACTOME_CLASS_B_2_SECRETIN_FAMILY_RECEPTORS,0.08957415565345081,0.3010043669817958,0.1797823162983236,-0.5160567324483533,-1.3894209527598218,18,
REACTOME_CLASS_I_MHC_MEDIATED_ANTIGEN_PROCESSING_PRESENTATION,0.9604578563995838,1,0.013262642019166139,-0.1823323917186331,-0.7191329116150025,244,
REACTOME_CLASS_I_PEROXISOMAL_MEMBRANE_PROTEIN_IMPORT,0.6518518518518519,0.8940481215702828,0.051530912208538955,-0.3304411643764981,-0.8567470581383276,15,
REACTOME_CLATHRIN_MEDIATED_ENDOCYTOSIS,0.21678321678321677,0.4889742845014411,0.25720646646883816,0.2497528804930914,1.1437116506229212,92,
REACTOME_CLEC7A_DECTIN_1_SIGNALING,0.42592592592592593,0.7176699372403429,0.16823816568963962,0.22696206264864674,1.0125845740862387,75,
REACTOME_COLLAGEN_BIOSYNTHESIS_AND_MODIFYING_ENZYMES,0.9851351351351352,1,0.02786991148742008,-0.1819444675679715,-0.5486538324588824,31,
REACTOME_COLLAGEN_DEGRADATION,0.9196556671449068,1,0.03419460453185734,-0.2326376952637682,-0.6458856029790989,21,
REACTOME_COLLAGEN_FORMATION,0.9986702127659575,1,0.02632452686068614,-0.15273009455821127,-0.479469290584571,38,
REACTOME_COMPLEMENT_CASCADE,0.17777777777777778,0.43130966017563954,0.12384217120104962,-0.49518363858179876,-1.283880978914026,15,
REACTOME_COMPLEX_I_BIOGENESIS,9.612321174564537e-12,7.540331943602848e-10,0.8753251320246591,-0.7355153175758721,-2.4620334035662457,53,
REACTOME_CONDENSATION_OF_PROPHASE_CHROMOSOMES,0.05195484039937261,0.20960067041118322,0.3217759180753611,0.5347880971287543,1.5900765714249594,15,
REACTOME_CONVERSION_FROM_APC_C_CDC20_TO_APC_C_CDH1_IN_LATE_ANAPHASE,0.8161993769470405,0.9784468339307049,0.07667468724900914,0.24600938009421927,0.7718990745358534,18,
REACTOME_COPII_MEDIATED_VESICLE_TRANSPORT,0.4,0.6990099009900991,0.1473312136993771,0.2567329543469594,1.0259300237083882,48,
REACTOME_COPI_DEPENDENT_GOLGI_TO_ER_RETROGRADE_TRAFFIC,0.17412935323383086,0.4300577471309179,0.24133997681509095,0.2760555302022375,1.166613570081429,59,
REACTOME_COPI_INDEPENDENT_GOLGI_TO_ER_RETROGRADE_TRAFFIC,0.46987951807228917,0.7547133138969874,0.12563992130984047,0.26701835340970803,0.9713150409040584,34,
REACTOME_COPI_MEDIATED_ANTEROGRADE_TRANSPORT,0.5402298850574713,0.8207501645097609,0.14205664357582118,0.2149859972097178,0.9506981973658853,71,
REACTOME_COSTIMULATION_BY_THE_CD28_FAMILY,0.8618857901726428,1,0.03360332443366971,-0.23692871076091687,-0.7310903293077491,34,
REACTOME_CROSS_PRESENTATION_OF_SOLUBLE_EXOGENOUS_ANTIGENS_ENDOSOMES,0.8693693693693694,1,0.09344492194109945,0.1999407180301585,0.755703951836995,41,
REACTOME_CTLA4_INHIBITORY_SIGNALING,0.8678414096916299,1,0.03800562415813769,-0.2593537970490247,-0.6809212809761338,16,
REACTOME_CYCLIN_A_B1_B2_ASSOCIATED_EVENTS_DURING_G2_M_TRANSITION,0.35737704918032787,0.6519591646545516,0.13077713797197438,0.3306746051890548,1.0788445158998012,21,
REACTOME_CYCLIN_A_CDK2_ASSOCIATED_EVENTS_AT_S_PHASE_ENTRY,0.3157894736842105,0.6158767083454493,0.18138312849840757,0.2502828343630453,1.0665996019150836,62,
REACTOME_CYCLIN_D_ASSOCIATED_EVENTS_IN_G1,0.06025377044718955,0.22748214938885467,0.3217759180753611,0.3808859009330643,1.3745360302552994,31,
REACTOME_CYTOKINE_SIGNALING_IN_IMMUNE_SYSTEM,0.16356353001481358,0.4138919433349763,0.24924655438329513,0.21385083222979256,1.0895431345434154,240,
REACTOME_CYTOPROTECTION_BY_HMOX1,0.008508334057037529,0.056668715511966936,0.3807304007227924,-0.497368386282187,-1.6208165582088734,45,
REACTOME_CYTOSOLIC_SENSORS_OF_PATHOGEN_ASSOCIATED_DNA,0.001930945751878893,0.01817663601101998,0.45505986738722953,0.5667109833449917,1.8912801741414913,23,
REACTOME_C_TYPE_LECTIN_RECEPTORS_CLRS,0.9657534246575342,1,0.11284335567556247,0.15932289217895484,0.7238912140196472,89,
REACTOME_DAP12_INTERACTIONS,0.5239616613418531,0.8073567831927608,0.10319746694530717,0.2955273340857558,0.9551230153844147,20,
REACTOME_DDX58_IFIH1_MEDIATED_INDUCTION_OF_INTERFERON_ALPHA_BETA,0.018260608985128338,0.10293611728758438,0.35248785758361917,0.43625063058363067,1.5394335982518763,28,
REACTOME_DEACTIVATION_OF_THE_BETA_CATENIN_TRANSACTIVATING_COMPLEX,0.9112676056338028,1,0.03375073768052985,-0.23106370103060772,-0.6616260418680041,23,
REACTOME_DEADENYLATION_DEPENDENT_MRNA_DECAY,0.20270270270270271,0.47075035561877665,0.2114001893849227,0.30555837268159464,1.1549006726960553,41,
REACTOME_DEADENYLATION_OF_MRNA,0.9573770491803278,1,0.07113273993278939,0.18675115410707105,0.6092861540764032,21,
REACTOME_DEATH_RECEPTOR_SIGNALING,0.035136031479183934,0.15901306554040934,0.3217759180753611,0.2846395773927948,1.3034708558707864,92,
REACTOME_DECTIN_1_MEDIATED_NONCANONICAL_NF_KB_SIGNALING,0.35454545454545455,0.6511198945981554,0.15740289930528326,0.26205401745781487,1.06599516503378,50,
REACTOME_DEGRADATION_OF_AXIN,0.3181818181818182,0.6171328671328671,0.16693384871319314,0.2694232913543481,1.0766418529707227,48,
REACTOME_DEGRADATION_OF_BETA_CATENIN_BY_THE_DESTRUCTION_COMPLEX,0.42196531791907516,0.7163589572877189,0.16318012718068908,0.23556793149761357,1.0101091988493462,67,
REACTOME_DEGRADATION_OF_DVL,0.7867298578199052,0.9706343958580251,0.10244940562982624,0.20885083178769157,0.8367081749962577,49,
REACTOME_DEGRADATION_OF_THE_EXTRACELLULAR_MATRIX,0.20361990950226244,0.47133002002818786,0.2114001893849227,0.311309951009759,1.1889011441563226,42,
REACTOME_DEPOSITION_OF_NEW_CENPA_CONTAINING_NUCLEOSOMES_AT_THE_CENTROMERE,0.7205882352941176,0.9266580949319618,0.04660150729859922,-0.3098611072424617,-0.8243679503994601,17,
REACTOME_DETOXIFICATION_OF_REACTIVE_OXYGEN_SPECIES,0.4810126582278481,0.7625936957873719,0.06335970106437581,-0.3447072287782639,-0.9956753635964793,24,
REACTOME_DEUBIQUITINATION,0.010207063857122648,0.06551079166480536,0.3807304007227924,0.2670672915647442,1.317941030487186,170,
REACTOME_DEVELOPMENTAL_BIOLOGY,0.7272727272727273,0.9298031321437101,0.031349000173099724,-0.22904179759562376,-0.8905572206469583,186,
REACTOME_DISASSEMBLY_OF_THE_DESTRUCTION_COMPLEX_AND_RECRUITMENT_OF_AXIN_TO_THE_MEMBRANE,0.7905308464849354,0.9706343958580251,0.041237609054006544,-0.27863668857676527,-0.7735952912078741,21,
REACTOME_DNA_DAMAGE_BYPASS,0.13779527559055119,0.38161109732219184,0.24133997681509095,0.3502777680100492,1.2666433929763334,32,
REACTOME_DNA_DAMAGE_RECOGNITION_IN_GG_NER,0.3258426966292135,0.6235872729097661,0.14826150047510658,0.308692122603092,1.0893073653902439,28,
REACTOME_DNA_DAMAGE_TELOMERE_STRESS_INDUCED_SENESCENCE,0.0024705094409770197,0.021533082288021924,0.4317076958033464,0.6220494669213719,1.8929853256285607,16,
REACTOME_DNA_DOUBLE_STRAND_BREAK_REPAIR,0.14893617021276595,0.3944448878601644,0.27128855468895297,0.27468485586034813,1.180645757366465,64,
REACTOME_DNA_DOUBLE_STRAND_BREAK_RESPONSE,0.6793893129770993,0.9049755439365829,0.09821233512174378,0.2404038075039318,0.8675660989687952,31,
REACTOME_DNA_REPAIR,0.016227977351089204,0.09547460008224148,0.35248785758361917,0.2726363876560311,1.3346962853020743,141,
REACTOME_DNA_REPLICATION,0.3333333333333333,0.6309204647006255,0.21392785549235627,0.2264220806651845,1.0558750412733013,102,
REACTOME_DNA_REPLICATION_PRE_INITIATION,0.30612244897959184,0.6049767410803712,0.2114001893849227,0.23521706486051336,1.0642921473791793,83,
REACTOME_DNA_STRAND_ELONGATION,0.6884735202492211,0.9049755439365829,0.0857844408075645,0.27448705468221407,0.8612529465345045,18,
REACTOME_DOWNREGULATION_OF_ERBB2_SIGNALING,0.17737003058103976,0.43130966017563954,0.1847064712077387,0.42607770483742013,1.2668497666756942,15,
REACTOME_DOWNREGULATION_OF_SMAD2_3_SMAD4_TRANSCRIPTIONAL_ACTIVITY,0.6876971608832808,0.9049755439365829,0.08653997374441245,0.2642328313166611,0.8407444587115825,19,
REACTOME_DOWNSTREAM_SIGNALING_EVENTS_OF_B_CELL_RECEPTOR_BCR,0.3179190751445087,0.6171328671328671,0.19002330527910832,0.24626262152985387,1.055967753159901,67,
REACTOME_DOWNSTREAM_SIGNAL_TRANSDUCTION,1,1,0.06895673516728111,0.13877410468319562,0.45275832929708765,21,
REACTOME_DOWNSTREAM_TCR_SIGNALING,0.9112426035502958,1,0.10714023727672473,0.1819898964960416,0.7857673591679957,68,
REACTOME_DRUG_ADME,0.1220472440944882,0.35313669807667486,0.25720646646883816,0.36140752208588306,1.306889822390609,32,
REACTOME_DUAL_INCISION_IN_GG_NER,0.07058269882464518,0.2555455660010231,0.2878051305355643,0.37614961763727417,1.3574437933843317,31,
REACTOME_DUAL_INCISION_IN_TC_NER,0.04928665115412819,0.20348757727961697,0.3217759180753611,0.34043357309373545,1.3335647457290276,47,
REACTOME_E3_UBIQUITIN_LIGASES_UBIQUITINATE_TARGET_PROTEINS,0.4806201550387597,0.7625936957873719,0.12154328203546907,0.268743861727461,0.9709843122733416,33,
REACTOME_ECM_PROTEOGLYCANS,0.7333333333333333,0.9328528528528529,0.08889452886204495,0.2412377056958192,0.8269127004126915,25,
REACTOME_EGFR_DOWNREGULATION,0.8522238163558106,1,0.03777050013247901,-0.2611910962163738,-0.7251600755467005,21,
REACTOME_ELASTIC_FIBRE_FORMATION,0.24653739612188366,0.5258471349306642,0.09821233512174378,-0.39862455546244624,-1.1809591287815455,27,
REACTOME_ENDOSOMAL_SORTING_COMPLEX_REQUIRED_FOR_TRANSPORT_ESCRT,0.0074732198734737436,0.05122420612303362,0.40701791892395395,0.4955078390339763,1.7157692312734185,26,
REACTOME_ENERGY_DEPENDENT_REGULATION_OF_MTOR_BY_LKB1_AMPK,0.9143835616438356,1,0.07569463079327488,0.204247990815155,0.681635237342449,23,
REACTOME_EPHB_MEDIATED_FORWARD_SIGNALING,0.6966759002770083,0.9091556110823806,0.045405922659017876,-0.28368593306955886,-0.8404436901202588,27,
REACTOME_EPH_EPHRIN_MEDIATED_REPULSION_OF_CELLS,0.09185185185185185,0.3020064505177389,0.17821987495197314,-0.5460313261486512,-1.4157156636701969,15,
REACTOME_EPH_EPHRIN_SIGNALING,0.5052631578947369,0.7857175979596569,0.057852975703250924,-0.308169166021777,-0.9769167816156371,39,
REACTOME_EPIGENETIC_REGULATION_OF_GENE_EXPRESSION,6.873525665969839e-5,0.0012131772800436766,0.5384340963099162,0.4403060025958259,1.9388976478259017,70,
REACTOME_ERK_MAPK_TARGETS,0.981651376146789,1,0.06643641376628104,0.18789725755828576,0.5586717967032467,15,
REACTOME_ER_PHAGOSOME_PATHWAY,0.007763607087956335,0.05270294811631897,0.40701791892395395,0.5643142956326661,1.7492349091109487,17,
REACTOME_ER_TO_GOLGI_ANTEROGRADE_TRANSPORT,0.6190476190476191,0.8769210804397396,0.15740289930528326,0.1996762937043264,0.9374518532032844,107,
REACTOME_ESR_MEDIATED_SIGNALING,0.6206896551724138,0.8769210804397396,0.1455161460903603,0.20210645206387817,0.917158674260206,87,
REACTOME_ESTROGEN_DEPENDENT_GENE_EXPRESSION,0.11587982832618025,0.3477832512315271,0.27650059925447157,0.34381613811738404,1.2958766245687823,40,
REACTOME_EUKARYOTIC_TRANSLATION_INITIATION,4.684197702063987e-9,2.066902236035734e-7,0.7614608014455848,0.5129895907707289,2.358273864329944,93,
REACTOME_EXTRACELLULAR_MATRIX_ORGANIZATION,0.6835585585585585,0.9049755439365829,0.03676195538836092,-0.2409103638397638,-0.8960518996265856,113,
REACTOME_EXTRA_NUCLEAR_ESTROGEN_SIGNALING,0.8472222222222222,1,0.09656295543094219,0.20342181267013612,0.7874834626719108,44,
REACTOME_FACTORS_INVOLVED_IN_MEGAKARYOCYTE_DEVELOPMENT_AND_PLATELET_PRODUCTION,0.7503105590062111,0.9392185366283423,0.036993251998507,-0.24587082571052474,-0.834149140789691,61,
REACTOME_FATTY_ACID_METABOLISM,4.839329263315635e-8,1.79819287363202e-6,0.7195128263389107,-0.587934222939845,-2.115069015099512,91,
REACTOME_FATTY_ACYL_COA_BIOSYNTHESIS,0.48175182481751827,0.7625936957873719,0.06508775669173134,-0.3673703614893682,-0.998191270402595,19,
REACTOME_FCERI_MEDIATED_MAPK_ACTIVATION,0.03941605839416058,0.1686529528865295,0.27650059925447157,-0.5578998835674333,-1.5158838379828108,19,
REACTOME_FCERI_MEDIATED_NF_KB_ACTIVATION,0.1497326203208556,0.3944448878601644,0.27128855468895297,0.28038477688309826,1.1967699543057932,63,
REACTOME_FCGAMMA_RECEPTOR_FCGR_DEPENDENT_PHAGOCYTOSIS,0.018957009231251494,0.10455975404112153,0.35248785758361917,0.3742627269949298,1.4660821311634329,47,
REACTOME_FC_EPSILON_RECEPTOR_FCERI_SIGNALING,0.9778554778554779,1,0.020048039110235276,-0.17810966094952452,-0.6407421280573468,91,
REACTOME_FGFR2_ALTERNATIVE_SPLICING,0.4892966360856269,0.7710790738313674,0.10473282158065095,0.3262991390335186,0.9701798133484234,15,
REACTOME_FLT3_SIGNALING,0.9345794392523364,1,0.06977925170762346,0.20728532881993175,0.6503953362253325,18,
REACTOME_FORMATION_OF_ATP_BY_CHEMIOSMOTIC_COUPLING,2.4531050664526626e-4,0.0035933841803234712,0.49849310876659025,-0.7317160038593461,-1.9466890431783523,17,
REACTOME_FORMATION_OF_INCISION_COMPLEX_IN_GG_NER,0.18702290076335878,0.44421140939597314,0.20207170902115992,0.3324829526185087,1.1998601069250898,31,
REACTOME_FORMATION_OF_RNA_POL_II_ELONGATION_COMPLEX,9.73425472851942e-4,0.010572898212822632,0.47727081536286214,0.44662579521603146,1.789293587307041,49,
REACTOME_FORMATION_OF_TC_NER_PRE_INCISION_COMPLEX,0.23423423423423423,0.5072680042005195,0.19578900214894943,0.29928883166466613,1.1312040641744117,41,
REACTOME_FORMATION_OF_THE_EARLY_ELONGATION_COMPLEX,0.1169811320754717,0.3477832512315271,0.25720646646883816,0.3576409840548175,1.2779432575942442,29,
REACTOME_FORMATION_OF_WDR5_CONTAINING_HISTONE_MODIFYING_COMPLEXES,0.012691813137077582,0.07791669630240672,0.3807304007227924,0.44806505820939696,1.5811241439065333,28,
REACTOME_FOXO_MEDIATED_TRANSCRIPTION,0.8014705882352942,0.975397994249246,0.04173970347285044,-0.2857235574393122,-0.7601513643426718,17,
REACTOME_G1_S_DNA_DAMAGE_CHECKPOINTS,0.005645427468357716,0.041089399924335544,0.40701791892395395,0.39054355769652294,1.596091610118722,54,
REACTOME_G1_S_TRANSITION,0.24305555555555555,0.5199915824915824,0.24133997681509095,0.24695436150529876,1.1145520197233283,84,
REACTOME_G2_M_CHECKPOINTS,0.17482517482517482,0.4300577471309179,0.2878571172551493,0.26374176619379347,1.2077719790705361,92,
REACTOME_G2_M_DNA_DAMAGE_CHECKPOINT,0.8604651162790697,1,0.08553569479878835,0.2090880072402308,0.7554448820142622,33,
REACTOME_GABA_B_RECEPTOR_ACTIVATION,0.14949201741654572,0.3944448878601644,0.13500203382863138,-0.46187190799610955,-1.2706259368242157,20,
REACTOME_GABA_RECEPTOR_ACTIVATION,0.08608321377331421,0.2964621898729748,0.18138312849840757,-0.4909849230274221,-1.3631500806593588,21,
REACTOME_GAMMA_CARBOXYLATION_HYPUSINYLATION_HYDROXYLATION_AND_ARYLSULFATASE_ACTIVATION,0.8122448979591836,0.9784468339307049,0.03753629052029203,-0.2544525719098223,-0.7629274464712298,28,
REACTOME_GAP_FILLING_DNA_REPAIR_SYNTHESIS_AND_LIGATION_IN_GG_NER,0.13664596273291926,0.38161109732219184,0.21392785549235627,0.4114950041163132,1.275532857656959,17,
REACTOME_GAP_JUNCTION_TRAFFICKING_AND_REGULATION,0.9704641350210971,1,0.030632255048647243,-0.19342903559051006,-0.5587133348618701,24,
REACTOME_GENERIC_TRANSCRIPTION_PATHWAY,1,1,0.00382852089890286,-0.1302161089440091,-0.5279416869623418,428,
REACTOME_GENE_SILENCING_BY_RNA,0.0052693594230670505,0.038751747423805605,0.40701791892395395,0.49912024216070117,1.7108804201452608,25,
REACTOME_GLI3_IS_PROCESSED_TO_GLI3R_BY_THE_PROTEASOME,0.6909090909090909,0.9049755439365829,0.10797236031734525,0.21746557001202965,0.8846162651616523,50,
REACTOME_GLOBAL_GENOME_NUCLEOTIDE_EXCISION_REPAIR_GG_NER,0.14358974358974358,0.38840750564888493,0.27128855468895297,0.28656119680474534,1.1933993251032178,57,
REACTOME_GLUCAGON_LIKE_PEPTIDE_1_GLP1_REGULATES_INSULIN_SECRETION,0.09197080291970802,0.3020064505177389,0.17669426893849804,-0.5004779979906105,-1.3598613851086425,19,
REACTOME_GLUCONEOGENESIS,0.016634979242018847,0.09695682820445785,0.35248785758361917,-0.5811484468333373,-1.6134763309863998,21,
REACTOME_GLUCOSE_METABOLISM,0.03307888040712468,0.15364269452256593,0.28201335001172506,-0.4524409102877867,-1.47093623376739,44,
REACTOME_GLUTATHIONE_CONJUGATION,6.023601562644983e-4,0.007875301302272885,0.47727081536286214,0.6017092639607646,2.008079664892418,23,
REACTOME_GLYCEROPHOSPHOLIPID_BIOSYNTHESIS,0.11822660098522167,0.3477832512315271,0.14040623852334236,-0.3754394211848505,-1.2808292769137428,62,
REACTOME_GLYCOGEN_METABOLISM,0.0028007775375170543,0.02411401148154927,0.4317076958033464,-0.6600543600503066,-1.777117320925861,18,
REACTOME_GLYCOLYSIS,0.12834224598930483,0.365361393824392,0.14040623852334236,-0.42621488446841616,-1.2999183198024729,32,
REACTOME_GLYCOSAMINOGLYCAN_METABOLISM,0.5539906103286385,0.8274767256407403,0.12503336755527242,0.22893877286680528,0.9392259861684261,52,
REACTOME_GLYCOSPHINGOLIPID_METABOLISM,0.8134556574923547,0.9784468339307049,0.07588869006061172,0.2486262400819932,0.7392362723074495,15,
REACTOME_GLYOXYLATE_METABOLISM_AND_GLYCINE_DEGRADATION,1.9941355611060463e-5,3.9107214059468575e-4,0.5756102610711286,-0.7806646605392256,-2.0769141757905083,17,
REACTOME_GOLGI_ASSOCIATED_VESICLE_BIOGENESIS,0.00875839583315747,0.0577890416655063,0.3807304007227924,0.4268892445213026,1.6134876990528626,41,
REACTOME_GOLGI_TO_ER_RETROGRADE_TRANSPORT,0.2638888888888889,0.5415859173126616,0.23112670967383428,0.24413470318611633,1.1018263652525242,84,
REACTOME_GPCR_LIGAND_BINDING,1.2241011708153959e-5,2.469186933130484e-4,0.5933254763964051,-0.5844915903828913,-1.976589957871946,60,
REACTOME_GPER1_SIGNALING,0.8839941262848752,1,0.03714792211372885,-0.2546590435150918,-0.6856389784723034,18,
REACTOME_GPVI_MEDIATED_ACTIVATION_CASCADE,0.8029411764705883,0.975397994249246,0.041655677397946726,-0.285126569297625,-0.7585631111567359,17,
REACTOME_G_ALPHA_12_13_SIGNALLING_EVENTS,0.2515964240102171,0.528652009973849,0.09225972605273541,-0.35647773009051487,-1.1616842234029887,45,
REACTOME_G_ALPHA_I_SIGNALLING_EVENTS,4.319383466631718e-4,0.006098969454883986,0.49849310876659025,-0.5129562347783992,-1.7695765710062448,67,
REACTOME_G_ALPHA_Q_SIGNALLING_EVENTS,0.00431012118212499,0.0330754951584809,0.40701791892395395,-0.4864512607401724,-1.659551398681825,62,
REACTOME_G_ALPHA_S_SIGNALLING_EVENTS,0.01867566030072442,0.10381902497883025,0.35248785758361917,-0.4931776779115567,-1.5265925503486044,36,
REACTOME_G_BETA_GAMMA_SIGNALLING_THROUGH_PI3KGAMMA,0.8414814814814815,0.9984637410519763,0.03984069460738987,-0.2725431578246518,-0.706632749955918,15,
REACTOME_G_PROTEIN_BETA_GAMMA_SIGNALLING,0.6691176470588235,0.9032448543470925,0.04999139140245922,-0.32473956745296517,-0.8639512522794061,17,
REACTOME_G_PROTEIN_MEDIATED_EVENTS,0.4467153284671533,0.7403310373188033,0.06879430956047748,-0.3753637016115415,-1.019910176356153,19,
REACTOME_HATS_ACETYLATE_HISTONES,0.10861423220973783,0.33485435781692097,0.26635065708852557,0.37125003663787653,1.310060638738781,28,
REACTOME_HDACS_DEACETYLATE_HISTONES,0.41009463722397477,0.7131202312318379,0.11828752612408502,0.326028210267041,1.037366968365773,19,
REACTOME_HDMS_DEMETHYLATE_HISTONES,0.032857767436085455,0.15362638284686314,0.3217759180753611,0.5056307758187119,1.5387066297928227,16,
REACTOME_HDR_THROUGH_HOMOLOGOUS_RECOMBINATION_HRR,0.3256578947368421,0.6235872729097661,0.13802224249664274,0.3228349662633528,1.0731071695474028,22,
REACTOME_HEDGEHOG_LIGAND_BIOGENESIS,0.057462813815275605,0.21811154061066979,0.3217759180753611,0.32444906729501194,1.3198085661551766,50,
REACTOME_HEDGEHOG_OFF_STATE,0.8,0.975397994249246,0.11724971674979229,0.19784531335549257,0.8613092737202913,69,
REACTOME_HEDGEHOG_ON_STATE,0.7575757575757576,0.9449619873648142,0.10882012676916121,0.2095636284425777,0.8788706024531244,58,
REACTOME_HEMOSTASIS,0.524896265560166,0.8073567831927608,0.04513442222090974,-0.25182447884203735,-0.9956387039090658,257,
REACTOME_HEPARAN_SULFATE_HEPARIN_HS_GAG_METABOLISM,0.8235294117647058,0.9837762516173982,0.039356195952129094,-0.2703273999079486,-0.7505257284007759,21,
REACTOME_HOMOLOGY_DIRECTED_REPAIR,0.02310702653568373,0.12120587755358328,0.35248785758361917,0.34723465757187055,1.4156957907226826,51,
REACTOME_HSF1_DEPENDENT_TRANSACTIVATION,0.3274596182085169,0.6248283525816566,0.08528846897905017,-0.4138906664433804,-1.114351054737401,18,
REACTOME_HSP90_CHAPERONE_CYCLE_FOR_STEROID_HORMONE_RECEPTORS_SHR_IN_THE_PRESENCE_OF_LIGAND,0.6573333333333333,0.8976350741457124,0.04632277857946331,-0.2781171587781961,-0.8680061771905164,37,
REACTOME_IKK_COMPLEX_RECRUITMENT_MEDIATED_BY_RIP1,0.08868501529051988,0.3010043669817958,0.26635065708852557,0.4760356688764673,1.4153889518241147,15,
REACTOME_IMMUNOREGULATORY_INTERACTIONS_BETWEEN_A_LYMPHOID_AND_A_NON_LYMPHOID_CELL,0.703601108033241,0.9117927314249714,0.04495430676400623,-0.2871128203065749,-0.8459269788942007,26,
REACTOME_INHIBITION_OF_THE_PROTEOLYTIC_ACTIVITY_OF_APC_C_REQUIRED_FOR_THE_ONSET_OF_ANAPHASE_BY_MITOTIC_SPINDLE_CHECKPOINT_COMPONENTS,0.9584664536741214,1,0.06977925170762346,0.18400518585081227,0.5946914809078174,20,
REACTOME_INITIATION_OF_NUCLEAR_ENVELOPE_NE_REFORMATION,0.032712380927708104,0.15362638284686314,0.3217759180753611,0.5591857562244082,1.6626177261998991,15,
REACTOME_INNATE_IMMUNE_SYSTEM,NA,NA,NA,0.20820782858026693,NA,485,
REACTOME_INOSITOL_PHOSPHATE_METABOLISM,0.5746478873239437,0.8487477164240674,0.05502111171631165,-0.3250658952899593,-0.9307912090375694,23,
REACTOME_INSULIN_RECEPTOR_RECYCLING,0.05471654539014853,0.21461045025247144,0.3217759180753611,0.45134953316246024,1.4725532622254511,21,
REACTOME_INSULIN_RECEPTOR_SIGNALLING_CASCADE,0.7431059506531205,0.9335103223507172,0.04459616158889607,-0.2922390003514866,-0.8039598147660189,20,
REACTOME_INTEGRATION_OF_ENERGY_METABOLISM,0.33674775928297057,0.6322976543983436,0.0764767053228531,-0.3424256363747761,-1.1035301153285024,42,
REACTOME_INTEGRIN_CELL_SURFACE_INTERACTIONS,0.46808510638297873,0.754493344991742,0.06197627360019979,-0.3182039821864824,-0.9989454798771717,38,
REACTOME_INTEGRIN_SIGNALING,0.6838235294117647,0.9049755439365829,0.048995408986248136,-0.3206814623369,-0.8531548931402821,17,
REACTOME_INTERCONVERSION_OF_NUCLEOTIDE_DI_AND_TRIPHOSPHATES,0.13099041533546327,0.36991693290734823,0.22205604614524838,0.40708053286170387,1.3156549029686027,20,
REACTOME_INTERFERON_SIGNALING,0.7891156462585034,0.9706343958580251,0.12625398784911535,0.18955517011622725,0.8488405057699203,82,
REACTOME_INTERLEUKIN_17_SIGNALING,0.3893129770992366,0.6888595534638122,0.06879430956047748,-0.3236776083186439,-1.0523122717444384,44,
REACTOME_INTERLEUKIN_1_FAMILY_SIGNALING,0.05136568905611629,0.20960067041118322,0.3217759180753611,0.28762175437215165,1.276863122055346,80,
REACTOME_INTERLEUKIN_3_INTERLEUKIN_5_AND_GM_CSF_SIGNALING,0.5463917525773195,0.8207501645097609,0.10512513159700079,0.2750010223903543,0.9304043168848073,24,
REACTOME_INTRACELLULAR_SIGNALING_BY_SECOND_MESSENGERS,0.9605263157894737,1,0.16318012718068908,0.16814146891392517,0.8296095806111273,165,
REACTOME_INTRAFLAGELLAR_TRANSPORT,0.9093444909344491,1,0.03338269599193924,-0.22825309866570323,-0.6668955527435733,25,
REACTOME_INTRA_GOLGI_AND_RETROGRADE_GOLGI_TO_ER_TRAFFIC,0.14895531350693622,0.3944448878601644,0.24924655438329513,0.23296073662677086,1.1259394227096224,123,
REACTOME_INTRA_GOLGI_TRAFFIC,0.6460481099656358,0.8940481215702828,0.09497515259055948,0.25646626484156065,0.8676961193446089,24,
REACTOME_INTRINSIC_PATHWAY_FOR_APOPTOSIS,0.4531886024423338,0.7484663839598171,0.06450312496564929,-0.3384538235929155,-1.017604760156627,29,
REACTOME_INWARDLY_RECTIFYING_K_CHANNELS,0.05433186490455213,0.2142921599028704,0.2343926472946861,-0.5775403210493175,-1.516305138767382,16,
REACTOME_ION_CHANNEL_TRANSPORT,0.07821901323706378,0.2747394196286917,0.1737478389995708,-0.39082157101786474,-1.3460883446679484,66,
REACTOME_ION_HOMEOSTASIS,4.741532500167546e-6,1.1158406483727625e-4,0.610526878385931,-0.7157422809048958,-2.151970819423265,29,
REACTOME_ION_TRANSPORT_BY_P_TYPE_ATPASES,0.011047056970714213,0.06942399023480908,0.3807304007227924,-0.5606704666049882,-1.6194779920145688,24,
REACTOME_IRON_UPTAKE_AND_TRANSPORT,0.005901082673123347,0.04172342834618952,0.40701791892395395,0.4273276604382929,1.6195973764807658,39,
REACTOME_IRS_MEDIATED_SIGNALLING,0.6651982378854625,0.9014010670770375,0.05019342526494341,-0.3246712761054768,-0.8524092715716368,16,
REACTOME_ISG15_ANTIVIRAL_MECHANISM,0.9400630914826499,1,0.07011321576425601,0.1997203709640545,0.6354766527049008,19,
REACTOME_KEAP1_NFE2L2_PATHWAY,0.014792198120248165,0.08817128590085903,0.3807304007227924,0.33498011629733304,1.4463244741856787,68,
REACTOME_KERATAN_SULFATE_BIOSYNTHESIS,0.554074074074074,0.8274767256407403,0.05909547987173424,-0.35983985072162833,-0.9329701221952739,15,
REACTOME_KERATAN_SULFATE_KERATIN_METABOLISM,0.6402349486049926,0.8917302870226919,0.051951247619708235,-0.3258226704937996,-0.8772385220525167,18,
REACTOME_KINESINS,0.8280701754385965,0.9858643235407236,0.08220549204158693,0.2220286407686605,0.7610680195179552,25,
REACTOME_L1CAM_INTERACTIONS,0.7129629629629629,0.9202044823617035,0.10714023727672473,0.22231420349408965,0.8606194019741669,44,
REACTOME_LAGGING_STRAND_SYNTHESIS,0.45794392523364486,0.7507733952049497,0.11012226383553594,0.3291359021593434,1.00160753454019,16,
REACTOME_LYSOSOME_VESICLE_BIOGENESIS,0.016754579378107447,0.09695682820445785,0.35248785758361917,0.46303979576854154,1.5665913571077017,24,
REACTOME_MACROAUTOPHAGY,0.8389261744966443,0.9971075407317018,0.12098514214525231,0.1851449059870473,0.8482674184758202,90,
REACTOME_MAJOR_PATHWAY_OF_RRNA_PROCESSING_IN_THE_NUCLEOLUS_AND_CYTOSOL,6.304628578878696e-21,2.2255338883441797e-18,1.1866509527928102,0.5987408788559931,2.9241580715903948,142,
REACTOME_MAP2K_AND_MAPK_ACTIVATION,0.5543859649122806,0.8274767256407403,0.10552093684319848,0.2692729830245499,0.9230118023994717,25,
REACTOME_MAPK6_MAPK4_SIGNALING,0.736318407960199,0.9335103223507172,0.10968406197054928,0.21020044365367097,0.8891011740854619,60,
REACTOME_MAPK_FAMILY_SIGNALING_CASCADES,0.9762162162162162,1,0.015029874862140472,-0.17316616609253502,-0.6680038615086853,168,
REACTOME_MAPK_TARGETS_NUCLEAR_EVENTS_MEDIATED_BY_MAP_KINASES,0.13783403656821377,0.38161109732219184,0.13880510939113969,-0.4457377479525662,-1.2874986574384613,24,
REACTOME_MEMBRANE_TRAFFICKING,0.2669990842647221,0.5448015996846641,0.20350895946197697,0.18792702289592816,1.003541572238393,356,
REACTOME_METABOLISM_OF_AMINO_ACIDS_AND_DERIVATIVES,1.190584787924017e-5,2.469186933130484e-4,0.5933254763964051,-0.46929291892011393,-1.7926857304715336,144,
REACTOME_METABOLISM_OF_CARBOHYDRATES,0.1699561403508772,0.42496460857642876,0.10672988436460558,-0.3114765036654616,-1.182032626228303,136,
REACTOME_METABOLISM_OF_COFACTORS,0.09037037037037036,0.3010043669817958,0.1797823162983236,-0.5473889280871586,-1.419235568549886,15,
REACTOME_METABOLISM_OF_FAT_SOLUBLE_VITAMINS,0.33138686131386863,0.6303571428571428,0.08431443206426534,-0.4064724541843133,-1.1044365522057569,19,
REACTOME_METABOLISM_OF_LIPIDS,2.2788810803097228e-4,0.0034231703036141795,0.5188480777437918,-0.37481601519700264,-1.4881077400543512,294,
REACTOME_METABOLISM_OF_NUCLEOTIDES,0.029135369191783247,0.14284424062082618,0.35248785758361917,0.32789629384936575,1.3751356352206998,58,
REACTOME_METABOLISM_OF_POLYAMINES,0.3744075829383886,0.6708927755190415,0.1563124030731863,0.26092711850254285,1.045338681491243,49,
REACTOME_METABOLISM_OF_PORPHYRINS,0.00324333219816458,0.02662549455702551,0.4317076958033464,0.5959965907436457,1.8700474617892595,18,
REACTOME_METABOLISM_OF_RNA,NA,NA,NA,0.46301776814731577,NA,475,
REACTOME_METABOLISM_OF_STEROIDS,0.02701890795510623,0.13433344377679576,0.35248785758361917,0.3445359582311327,1.417803057226666,53,
REACTOME_METABOLISM_OF_VITAMINS_AND_COFACTORS,0.07268464243845252,0.2598579953961079,0.17821987495197314,-0.36856073170989434,-1.3226739623734662,90,
REACTOME_METABOLISM_OF_WATER_SOLUBLE_VITAMINS_AND_COFACTORS,0.2266500622665006,0.498488921994235,0.09688777032754396,-0.3468210301337989,-1.174785690770179,56,
REACTOME_MET_PROMOTES_CELL_MOTILITY,0.11041009463722397,0.33891098614730486,0.24133997681509095,0.4220131349384167,1.3427748661473966,19,
REACTOME_MHC_CLASS_II_ANTIGEN_PRESENTATION,0.55581668625146885,0.8278619841635801,0.048214971002556443,-0.2700658333460206,-0.9566143639269753,81,
REACTOME_MITOCHONDRIAL_BIOGENESIS,1.6963734989362306e-6,4.2772846080320676e-5,0.6435518361507222,-0.739292899754963,-2.190218055674331,27,
REACTOME_MITOCHONDRIAL_FATTY_ACID_BETA_OXIDATION,6.815878208332367e-9,2.830594126519207e-7,0.7614608014455848,-0.804545124944589,-2.3704494498076154,26,
REACTOME_MITOCHONDRIAL_TRANSLATION,7.305126752075108e-8,2.578709743482513e-6,0.7049757151672383,-0.5925305459583791,-2.1078076794328657,83,
REACTOME_MITOPHAGY,0.8157894736842105,0.9784468339307049,0.03816289090492567,-0.2593576235239017,-0.7641512165374016,26,
REACTOME_MITOTIC_G1_PHASE_AND_G1_S_TRANSITION,0.35507246376811596,0.6511198945981554,0.20207170902115992,0.22864900690701498,1.0463227156903816,97,
REACTOME_MITOTIC_G2_G2_M_PHASES,0.062261921183741915,0.2338133848708606,0.3217759180753611,0.25852261901046847,1.2525020808650151,126,
REACTOME_MITOTIC_METAPHASE_AND_ANAPHASE,0.0903865804534571,0.3010043669817958,0.2878051305355643,0.23278455407092136,1.1463719463756878,166,
REACTOME_MITOTIC_PROMETAPHASE,0.12722995480673563,0.36397822559856863,0.24924655438329513,0.2337294556302582,1.1227917362772626,117,
REACTOME_MITOTIC_PROPHASE,7.152825914420868e-4,0.008706715682036436,0.47727081536286214,0.4501665150960799,1.8353549297247533,51,
REACTOME_MITOTIC_SPINDLE_CHECKPOINT,0.9753086419753086,1,0.10552093684319848,0.16316080768491745,0.7279371496238203,75,
REACTOME_MOLECULES_ASSOCIATED_WITH_ELASTIC_FIBRES,0.1295774647887324,0.36739634594716897,0.14375898903927542,-0.45547231652284376,-1.3041959624871644,23,
REACTOME_MRNA_CAPPING,0.14035087719298245,0.38555532800873776,0.22496609354031374,0.38171731161316635,1.308447582975776,25,
REACTOME_MRNA_SPLICING,2.2773481121121754e-8,8.932265373062199e-7,0.7337619883564803,0.404721672142761,2.0008954589606742,167,
REACTOME_MRNA_SPLICING_MINOR_PATHWAY,0.04111125146002453,0.17484664777576694,0.3217759180753611,0.3646793607932446,1.3821565760373018,39,
REACTOME_MTORC1_MEDIATED_SIGNALLING,0.9495268138801262,1,0.06961334388509648,0.19226327444827523,0.611749424932038,19,
REACTOME_MTOR_SIGNALLING,0.9932795698924731,1,0.027166976842539856,-0.16798671478770422,-0.5147604471945733,33,
REACTOME_MUSCLE_CONTRACTION,2.258557296556236e-17,3.633703652229003e-15,1.0768681926198325,-0.7324792809572221,-2.6056470235300675,83,
REACTOME_MYD88_INDEPENDENT_TLR4_CASCADE,0.6589595375722543,0.8981185975405628,0.1275053153001827,0.2110634399313767,0.9294227305836626,70,
REACTOME_MYD88_MAL_TIRAP_CASCADE_INITIATED_ON_PLASMA_MEMBRANE,0.8114856429463171,0.9784468339307049,0.03352971671412071,-0.23209394070418454,-0.7848779349901255,60,
REACTOME_MYOGENESIS,0.38814814814814813,0.688822117460153,0.07667468724900914,-0.4084034577032543,-1.0588827865347814,15,
REACTOME_M_PHASE,0.006285993945082706,0.04393972005176624,0.40701791892395395,0.2541502099663138,1.2933896566640026,236,
REACTOME_NCAM_SIGNALING_FOR_NEURITE_OUT_GROWTH,0.9506531204644412,1,0.03316264244714414,-0.22257122984639466,-0.6123013167453241,20,
REACTOME_NEDDYLATION,0.1468682505399568,0.39425469536581564,0.11524000314778066,-0.30745223863409893,-1.186739958521523,162,
REACTOME_NEGATIVE_REGULATION_OF_FGFR2_SIGNALING,0.6,0.8662576687116564,0.05502111171631165,-0.3428444340988887,-0.9121182259986244,17,
REACTOME_NEGATIVE_REGULATION_OF_FGFR3_SIGNALING,0.6,0.8662576687116564,0.05502111171631165,-0.3428444340988887,-0.9121182259986244,17,
REACTOME_NEGATIVE_REGULATION_OF_FGFR4_SIGNALING,0.6,0.8662576687116564,0.05502111171631165,-0.3428444340988887,-0.9121182259986244,17,
REACTOME_NEGATIVE_REGULATION_OF_MAPK_PATHWAY,1,1,0.02681587623738419,-0.13434986410644092,-0.41168729453017255,33,
REACTOME_NEGATIVE_REGULATION_OF_MET_ACTIVITY,0.1834862385321101,0.4406166136179242,0.18138312849840757,0.42319027499115525,1.258264619446672,15,
REACTOME_NEGATIVE_REGULATION_OF_THE_PI3K_AKT_NETWORK,0.9936788874841972,1,0.023862286587709246,-0.1684423089340361,-0.5592379242030122,51,
REACTOME_NERVOUS_SYSTEM_DEVELOPMENT,0.7091503267973857,0.9169599463717112,0.03345617410605075,-0.23281359440994945,-0.8921742280330376,151,
REACTOME_NEURONAL_SYSTEM,7.090641972406356e-5,0.001220973959150948,0.5384340963099162,-0.5003262532427689,-1.8011023079776118,94,
REACTOME_NEUROTRANSMITTER_RECEPTORS_AND_POSTSYNAPTIC_SIGNAL_TRANSMISSION,0.031725888324873094,0.15341422710520825,0.2878571172551493,-0.4449468538329247,-1.4628035340701018,47,
REACTOME_NEUTROPHIL_DEGRANULATION,0.002412369704827053,0.021289162645098742,0.4317076958033464,0.2493539308066377,1.2897410991465184,270,
REACTOME_NICOTINATE_METABOLISM,0.4654919236417034,0.7537552708510151,0.06705125798294667,-0.3782322078629244,-0.9930309963257284,16,
REACTOME_NOD1_2_SIGNALING_PATHWAY,0.7383177570093458,0.9335103223507172,0.08197787965012722,0.2645748039636642,0.8301514610818537,18,
REACTOME_NONHOMOLOGOUS_END_JOINING_NHEJ,0.8255451713395638,0.9845183969015744,0.07608371609517249,0.24302925989672974,0.7625484065996684,18,
REACTOME_NONSENSE_MEDIATED_DECAY_NMD,3.019625417432618e-9,1.4212370298049523e-7,0.7749390301364363,0.5260980189153366,2.3773947315319806,85,
REACTOME_NONSENSE_MEDIATED_DECAY_NMD_INDEPENDENT_OF_THE_EXON_JUNCTION_COMPLEX_EJC,2.3023709481769884e-7,7.388517679149791e-6,0.6901324587967956,0.5294484038144943,2.2859690680140288,68,
REACTOME_NON_INTEGRIN_MEMBRANE_ECM_INTERACTIONS,0.6024844720496895,0.8663015015622826,0.09314545753378035,0.2936035673271731,0.9100985273329102,17,
REACTOME_NRAGE_SIGNALS_DEATH_THROUGH_JNK,0.4425133689839572,0.7385684125358718,0.06494076846128988,-0.3377187162760993,-1.0300127053868922,32,
REACTOME_NUCLEAR_ENVELOPE_BREAKDOWN,0.00497171307874087,0.03734073865522398,0.40701791892395395,0.5162406496887053,1.8446606708380868,29,
REACTOME_NUCLEAR_ENVELOPE_NE_REASSEMBLY,0.003604697866152834,0.029251916017286217,0.4317076958033464,0.42418458966905204,1.6950831545675993,48,
REACTOME_NUCLEAR_EVENTS_KINASE_AND_TRANSCRIPTION_FACTOR_ACTIVATION,0.8606676342525399,1,0.03784877227050295,-0.2613888791105746,-0.7190900412979936,20,
REACTOME_NUCLEAR_EVENTS_MEDIATED_BY_NFE2L2,0.02275425440949272,0.12078574145189369,0.35248785758361917,0.34740619314333615,1.4163951511729935,51,
REACTOME_NUCLEAR_PORE_COMPLEX_NPC_DISASSEMBLY,0.0021257121301262332,0.01924042004960411,0.4317076958033464,0.5940231448761903,1.8900818074441676,19,
REACTOME_NUCLEAR_RECEPTOR_TRANSCRIPTION_PATHWAY,6.502392557401771e-4,0.008346707537319364,0.47727081536286214,-0.6676079770609857,-1.8778154790256325,22,
REACTOME_NUCLEOTIDE_BINDING_DOMAIN_LEUCINE_RICH_REPEAT_CONTAINING_RECEPTOR_NLR_SIGNALING_PATHWAYS,0.5463917525773195,0.8207501645097609,0.10512513159700079,0.2767442833316708,0.9363022495221459,24,
REACTOME_NUCLEOTIDE_CATABOLISM,0.6513761467889908,0.8940481215702828,0.08783126344801238,0.28862367136833306,0.8581599707724076,15,
REACTOME_NUCLEOTIDE_EXCISION_REPAIR,0.0651070576974286,0.24065750122714444,0.2878051305355643,0.28651638372517846,1.2782844277909942,75,
REACTOME_OPIOID_SIGNALLING,0.1422872340425532,0.38636456628477905,0.13214726060877433,-0.40693418584468727,-1.2774983605290533,38,
REACTOME_ORC1_REMOVAL_FROM_CHROMATIN,0.26865671641791045,0.5450334534225425,0.19189224038483796,0.2610701780637901,1.1032853145512678,59,
REACTOME_ORGANELLE_BIOGENESIS_AND_MAINTENANCE,0.025768780681747924,0.13138145041664034,0.35248785758361917,-0.37637578949725614,-1.3963174803709677,115,
REACTOME_OVARIAN_TUMOR_DOMAIN_PROTEASES,0.012855035650405324,0.07823840663091516,0.3807304007227924,0.49561319869123366,1.6474240166538547,22,
REACTOME_OXIDATIVE_STRESS_INDUCED_SENESCENCE,0.13903743315508021,0.38343917112299464,0.13427345288320233,-0.4177786778530907,-1.2741886235189237,32,
REACTOME_O_GLYCOSYLATION_OF_TSR_DOMAIN_CONTAINING_PROTEINS,0.026118675935726178,0.13171275150444772,0.35248785758361917,-0.5895511246910878,-1.601884223149849,19,
REACTOME_O_LINKED_GLYCOSYLATION,0.446693657219973,0.7403310373188033,0.06494076846128988,-0.3297934740968157,-1.0208496516747694,36,
REACTOME_P75_NTR_RECEPTOR_MEDIATED_SIGNALLING,0.056462432500187246,0.2154728505142281,0.3217759180753611,0.3205524528017165,1.3191083157679906,53,
REACTOME_PCNA_DEPENDENT_LONG_PATCH_BASE_EXCISION_REPAIR,0.16770186335403728,0.4228482697426797,0.19189224038483796,0.3971105871137279,1.2309447184535707,17,
REACTOME_PCP_CE_PATHWAY,0.9824561403508771,1,0.10171390228231093,0.16542350908180153,0.7069827556205512,66,
REACTOME_PEPTIDE_HORMONE_METABOLISM,0.8123209169054442,0.9784468339307049,0.039921862429271364,-0.2658378790247568,-0.747735948784852,22,
REACTOME_PEPTIDE_LIGAND_BINDING_RECEPTORS,0.0013398957838345273,0.014118901841599646,0.45505986738722953,-0.6273162803301561,-1.8482761071560694,26,
REACTOME_PEROXISOMAL_LIPID_METABOLISM,0.0013280126356891421,0.014118901841599646,0.45505986738722953,-0.6907700473030652,-1.8377546416207082,17,
REACTOME_PEROXISOMAL_PROTEIN_IMPORT,0.0015589979383999334,0.015502148514230324,0.45505986738722953,-0.5437827439073671,-1.767898797661825,44,
REACTOME_PHASE_II_CONJUGATION_OF_COMPOUNDS,0.005029304526143243,0.037375673636390834,0.40701791892395395,0.42809379040011214,1.633815229384509,43,
REACTOME_PHASE_I_FUNCTIONALIZATION_OF_COMPOUNDS,0.03214573410582642,0.15362638284686314,0.3217759180753611,-0.49122797166081367,-1.5157809216675289,34,
REACTOME_PHOSPHOLIPID_METABOLISM,0.2952710495963091,0.5921085994031714,0.07788401119770678,-0.3031998113103192,-1.103957887180305,101,
REACTOME_PHOSPHORYLATION_OF_THE_APC_C,0.3470031545741325,0.6446953345508882,0.13010563075112855,0.33894272770811307,1.0784587922750557,19,
REACTOME_PINK1_PRKN_MEDIATED_MITOPHAGY,0.6516690856313497,0.8940481215702828,0.05060042438536184,-0.31490014112424103,-0.8663014136495973,20,
REACTOME_PI_METABOLISM,0.703862660944206,0.9117927314249714,0.10319746694530717,0.22367757277826494,0.8430626310643802,40,
REACTOME_PKMTS_METHYLATE_HISTONE_LYSINES,0.8754716981132076,1,0.083129129135339,0.2051677815103404,0.7331172733170898,29,
REACTOME_PKR_MEDIATED_SIGNALING,0.46153846153846156,0.7525315331319952,0.13574094381042484,0.258132835283561,0.9858162972866894,42,
REACTOME_PLASMA_LIPOPROTEIN_ASSEMBLY_REMODELING_AND_CLEARANCE,0.4637096774193548,0.7531371356384223,0.06293946920189672,-0.33182008580902067,-1.0167938338162883,33,
REACTOME_PLASMA_LIPOPROTEIN_CLEARANCE,0.5081967213114754,0.7885426049360476,0.10672988436460558,0.2954680827398309,0.9639812543362681,21,
REACTOME_PLATELET_ACTIVATION_SIGNALING_AND_AGGREGATION,0.6132897603485838,0.8730813047127952,0.04024775650688684,-0.24752801191029464,-0.945135376505707,142,
REACTOME_PLATELET_AGGREGATION_PLUG_FORMATION,0.6798825256975036,0.9049755439365829,0.04919275210451909,-0.3146054096949789,-0.8470373906526611,18,
REACTOME_PLATELET_HOMEOSTASIS,0.06477732793522267,0.24065750122714444,0.20429475651688608,-0.44922352104484237,-1.390535929307428,36,
REACTOME_POLYMERASE_SWITCHING_ON_THE_C_STRAND_OF_THE_TELOMERE,0.038450491968240894,0.1675681933924572,0.3217759180753611,0.49237409449476516,1.49836465612799,16,
REACTOME_POSITIVE_EPIGENETIC_REGULATION_OF_RRNA_EXPRESSION,0.0030087450658610997,0.02528778591068972,0.4317076958033464,0.5369652833716625,1.8167016737745483,24,
REACTOME_POSTMITOTIC_NUCLEAR_PORE_COMPLEX_NPC_REFORMATION,0.010136527826749167,0.06551079166480536,0.3807304007227924,0.6181849881537261,1.8380391630765869,15,
REACTOME_POST_TRANSLATIONAL_MODIFICATION_SYNTHESIS_OF_GPI_ANCHORED_PROTEINS,0.0020987316835528865,0.01924042004960411,0.4317076958033464,-0.6327983562196435,-1.7799046584829437,22,
REACTOME_POTASSIUM_CHANNELS,4.427215711943908e-5,8.014395622134357e-4,0.557332238758646,-0.7006906173466664,-2.047233791301227,25,
REACTOME_PRC2_METHYLATES_HISTONES_AND_DNA,0.7731629392971247,0.9623431157997119,0.08085891502800323,0.24554497766573996,0.7935836466908537,20,
REACTOME_PROCESSING_OF_CAPPED_INTRONLESS_PRE_MRNA,0.012026867353558391,0.07448217852291425,0.3807304007227924,0.48029908724868237,1.624984301104478,24,
REACTOME_PROCESSING_OF_CAPPED_INTRON_CONTAINING_PRE_MRNA,7.749086291613844e-12,6.838568652349217e-10,0.8753251320246591,0.41866626460845546,2.158075487810284,215,
REACTOME_PROCESSING_OF_DNA_DOUBLE_STRAND_BREAK_ENDS,0.36329588014981273,0.6565914903510811,0.13959967345192228,0.29364683125689106,1.0569309496615467,30,
REACTOME_PROCESSING_OF_INTRONLESS_PRE_MRNAS,0.03554340102521412,0.15983210906879725,0.3217759180753611,0.49625865298850685,1.5382792292771097,17,
REACTOME_PROGRAMMED_CELL_DEATH,0.9496402877697842,1,0.11724971674979229,0.1674497924735474,0.756959892005249,88,
REACTOME_PROTEIN_LOCALIZATION,0.03110047846889952,0.15142715723477976,0.28201335001172506,-0.4164758349800688,-1.4524594486510973,73,
REACTOME_PROTEIN_PROTEIN_INTERACTIONS_AT_SYNAPSES,0.48759124087591244,0.7701105504662062,0.06450312496564929,-0.3667323042623319,-0.9964575890259515,19,
REACTOME_PROTEIN_UBIQUITINATION,0.25118483412322273,0.528652009973849,0.19381330272531053,0.27390118828277854,1.1167109931865367,51,
REACTOME_PTEN_REGULATION,0.2361111111111111,0.5092521351081019,0.24504178543099617,0.24190480665449965,1.1113289721168607,91,
REACTOME_PYRUVATE_METABOLISM,9.301885807013687e-4,0.010261142780861973,0.47727081536286214,-0.6833142824862247,-1.856650462911396,19,
REACTOME_PYRUVATE_METABOLISM_AND_CITRIC_ACID_TCA_CYCLE,1.4696871085804997e-11,1.0375990986578328e-9,0.8634153916066928,-0.7726588968431121,-2.4900365830368694,42,
REACTOME_RAB_GEFS_EXCHANGE_GTP_FOR_GDP_ON_RABS,0.9987546699875467,1,0.022726926034006716,-0.11353565283101906,-0.38457892904209334,56,
REACTOME_RAB_GERANYLGERANYLATION,0.7401574803149606,0.9335103223507172,0.09497515259055948,0.23176020195702923,0.8380706838217316,32,
REACTOME_RAB_REGULATION_OF_TRAFFICKING,1,1,0.02078183504355592,-0.10321147833939812,-0.3575230271468757,70,
REACTOME_RAC1_GTPASE_CYCLE,0.977725674091442,1,0.020416033052234498,-0.17637358906375092,-0.6329615008703819,90,
REACTOME_RAC2_GTPASE_CYCLE,0.1409090909090909,0.385566957935379,0.25720646646883816,0.29579195204548175,1.2032358587562808,50,
REACTOME_RAC3_GTPASE_CYCLE,0.2545454545454545,0.531919585431291,0.1882041463084906,0.2813863641031533,1.1244474630453072,48,
REACTOME_RAF_ACTIVATION,0.9931972789115646,1,0.027799559409767232,-0.17419845959138086,-0.5217516804374679,30,
REACTOME_RAS_PROCESSING,0.5457413249211357,0.8207501645097609,0.09992769737310925,0.2953062750919012,0.9396149341817963,19,
REACTOME_RECOGNITION_OF_DNA_DAMAGE_BY_PCNA_CONTAINING_REPLICATION_COMPLEX,0.38831615120274915,0.688822117460153,0.1281429168984153,0.3059667040316485,1.035169759659944,24,
REACTOME_RECRUITMENT_OF_NUMA_TO_MITOTIC_CENTROSOMES,0.6214953271028038,0.8769210804397396,0.11673920479122178,0.2334995372741493,0.9146769756668766,47,
REACTOME_RECYCLING_PATHWAY_OF_L1,0.5107142857142857,0.7889809315411065,0.1119183163251045,0.2737860515274253,0.948024725660061,26,
REACTOME_REGULATED_NECROSIS,0.03875386688280298,0.1678541718972939,0.3217759180753611,0.40671408843901913,1.47947699625819,34,
REACTOME_REGULATION_OF_APC_C_ACTIVATORS_BETWEEN_G1_S_AND_EARLY_ANAPHASE,0.5852713178294574,0.8572646273601595,0.10839425585339667,0.25295385886916,0.9139342834183203,33,
REACTOME_REGULATION_OF_HSF1_MEDIATED_HEAT_SHOCK_RESPONSE,0.1875,0.44421140939597314,0.22798720285044224,0.30739073190603283,1.1996426057373297,46,
REACTOME_REGULATION_OF_INSULIN_LIKE_GROWTH_FACTOR_IGF_TRANSPORT_AND_UPTAKE_BY_INSULIN_LIKE_GROWTH_FACTOR_BINDING_PROTEINS_IGFBPS,0.23115577889447236,0.5030607287449393,0.2089550275493539,0.2698396837458848,1.1097380596787296,55,
REACTOME_REGULATION_OF_INSULIN_SECRETION,0.15675675675675677,0.4039060958768988,0.12625398784911535,-0.414874557004106,-1.2510548890690933,31,
REACTOME_REGULATION_OF_MRNA_STABILITY_BY_PROTEINS_THAT_BIND_AU_RICH_ELEMENTS,0.10234477596743881,0.3254748280766297,0.2878051305355643,0.2853048748382543,1.26446242356351,73,
REACTOME_REGULATION_OF_PLK1_ACTIVITY_AT_G2_M_TRANSITION,0.23115577889447236,0.5030607287449393,0.2089550275493539,0.26968421364459794,1.1090986760041526,55,
REACTOME_REGULATION_OF_PTEN_GENE_TRANSCRIPTION,0.5955056179775281,0.8662576687116564,0.10512513159700079,0.25460726466937367,0.9164147860404157,30,
REACTOME_REGULATION_OF_PTEN_STABILITY_AND_ACTIVITY,0.3096446700507614,0.6056437323750343,0.1797823162983236,0.25415289518975537,1.0769582368861612,61,
REACTOME_REGULATION_OF_RAS_BY_GAPS,0.18269230769230768,0.44020740351798365,0.23112670967383428,0.28427089091497004,1.1698057302611422,53,
REACTOME_REGULATION_OF_RUNX2_EXPRESSION_AND_ACTIVITY,0.5,0.7809734513274337,0.13427345288320233,0.24637847181396313,0.9615322820300141,46,
REACTOME_REGULATION_OF_RUNX3_EXPRESSION_AND_ACTIVITY,0.023176761288574706,0.12120587755358328,0.35248785758361917,0.369624738067925,1.4770566453138476,48,
REACTOME_REGULATION_OF_SIGNALING_BY_CBL,0.616822429906542,0.876210534233438,0.09196861400004266,0.2889516151804142,0.8793210129417799,16,
REACTOME_REGULATION_OF_TNFR1_SIGNALING,0.05038430742123185,0.20681000604296332,0.3217759180753611,0.3561617670671691,1.34987438667813,39,
REACTOME_REGULATION_OF_TP53_ACTIVITY,0.41304347826086957,0.7147271952259164,0.18643255843407516,0.21841007569190868,0.9994682532123801,97,
REACTOME_REGULATION_OF_TP53_ACTIVITY_THROUGH_ACETYLATION,0.5789473684210527,0.8515350877192983,0.09889030075206362,0.2756124565865432,0.9161390000683014,22,
REACTOME_REGULATION_OF_TP53_ACTIVITY_THROUGH_PHOSPHORYLATION,0.03923559676518443,0.1686529528865295,0.3217759180753611,0.32514760815721044,1.3288283962250433,54,
REACTOME_REGULATION_OF_TP53_DEGRADATION,0.49642857142857144,0.7805417357656165,0.11378726182188,0.27903383657799424,0.9661959581064672,26,
REACTOME_RESOLUTION_OF_AP_SITES_VIA_THE_MULTIPLE_NUCLEOTIDE_PATCH_REPLACEMENT_PATHWAY,0.1180327868852459,0.3477832512315271,0.2377938344236881,0.4151884279246153,1.3545756205725024,21,
REACTOME_RESOLUTION_OF_SISTER_CHROMATID_COHESION,0.5419354838709678,0.8207501645097609,0.15114876138548375,0.2141495582165371,0.9538974084030453,79,
REACTOME_RESPIRATORY_ELECTRON_TRANSPORT,4.34820904822146e-17,5.116392646740584e-15,1.0672099868281106,-0.7052434631313718,-2.537904564686309,93,
REACTOME_RESPIRATORY_ELECTRON_TRANSPORT_ATP_SYNTHESIS_BY_CHEMIOSMOTIC_COUPLING_AND_HEAT_PRODUCTION_BY_UNCOUPLING_PROTEINS,1.0025574114958151e-19,2.359351775053485e-17,1.1512205221422571,-0.7049886282166682,-2.617295567440776,112,
REACTOME_RESPONSE_TO_ELEVATED_PLATELET_CYTOSOLIC_CA2,0.06654631832810275,0.24342850124166082,0.2878051305355643,0.29329404220869737,1.3076489553714354,78,
REACTOME_RETROGRADE_TRANSPORT_AT_THE_TRANS_GOLGI_NETWORK,0.9763779527559056,1,0.07955646772359566,0.1802340397421785,0.6517463466945318,32,
REACTOME_RET_SIGNALING,0.18235294117647058,0.44020740351798365,0.12154328203546907,-0.46436307437878854,-1.2354116954965049,17,
REACTOME_RHOA_GTPASE_CYCLE,0.5603751465416178,0.8297112427122069,0.0477342401407188,-0.2660287356315032,-0.954711806193968,90,
REACTOME_RHOBTB1_GTPASE_CYCLE,0.6798825256975036,0.9049755439365829,0.04919275210451909,-0.314620448100734,-0.8470778797592621,18,
REACTOME_RHOBTB2_GTPASE_CYCLE,0.39344262295081966,0.6944262295081967,0.12384217120104962,0.3201308529668221,1.044444930677771,21,
REACTOME_RHOBTB_GTPASE_CYCLE,0.9552238805970149,1,0.029635488193919222,-0.20128350353952684,-0.6051846280489568,29,
REACTOME_RHOB_GTPASE_CYCLE,0.26015228426395937,0.538181720919036,0.08998607949971373,-0.3503684808860542,-1.1518684706990685,47,
REACTOME_RHOC_GTPASE_CYCLE,0.9785082174462706,1,0.02470863138011972,-0.18490132706058263,-0.611039623468278,49,
REACTOME_RHOD_GTPASE_CYCLE,0.7742363877822045,0.9623431157997119,0.03863723737085999,-0.2570035849598031,-0.79303531833732,34,
REACTOME_RHOF_GTPASE_CYCLE,0.543859649122807,0.8207501645097609,0.10672988436460558,0.27086693900680825,0.9284755521139968,25,
REACTOME_RHOG_GTPASE_CYCLE,0.9629156010230179,1,0.026184151594619925,-0.19601615140619638,-0.6453906248666721,48,
REACTOME_RHOH_GTPASE_CYCLE,0.35704323570432356,0.6519591646545516,0.07788401119770678,-0.3728241187778505,-1.0892940697056548,25,
REACTOME_RHOQ_GTPASE_CYCLE,0.717948717948718,0.9249485307879468,0.04049348298595027,-0.26188135224498565,-0.8406499071482204,41,
REACTOME_RHOU_GTPASE_CYCLE,0.20714285714285716,0.4763610981852025,0.1847064712077387,0.35153503319445867,1.217242082074053,26,
REACTOME_RHOV_GTPASE_CYCLE,0.14144736842105263,0.385566957935379,0.21654283673534816,0.4063728919177344,1.350788202635085,22,
REACTOME_RHO_GTPASES_ACTIVATE_FORMINS,0.9370629370629371,1,0.11623414877971643,0.1691506486170089,0.7643782078601766,85,
REACTOME_RHO_GTPASES_ACTIVATE_IQGAPS,0.8785942492012779,1,0.07417589655880091,0.21938301234162386,0.7090300628876671,20,
REACTOME_RHO_GTPASES_ACTIVATE_PAKS,0.21292217327459617,0.48335387244972633,0.11101149245045029,-0.4499527749853192,-1.2114439634398046,18,
REACTOME_RHO_GTPASES_ACTIVATE_PKNS,0.9532710280373832,1,0.06879430956047748,0.19997713501471498,0.6274645519088363,18,
REACTOME_RHO_GTPASES_ACTIVATE_WASPS_AND_WAVES,0.01422273352268249,0.08582264843601571,0.3807304007227924,0.462130107430008,1.600193895457461,26,
REACTOME_RHO_GTPASE_CYCLE,0.9968684759916493,1,0.010012830976961075,-0.1632597428284631,-0.643705714735465,254,
REACTOME_RHO_GTPASE_EFFECTORS,0.9523809523809523,1,0.1552419662288392,0.16262114550899331,0.7966654563949959,151,
REACTOME_RIPK1_MEDIATED_REGULATED_NECROSIS,0.005909834043369621,0.04172342834618952,0.40701791892395395,0.5253430058913245,1.7462462403582548,22,
REACTOME_RMTS_METHYLATE_HISTONE_ARGININES,1,1,0.07325586558284547,0.12327489901171251,0.4268575833734312,26,
REACTOME_RNA_POLYMERASE_III_TRANSCRIPTION,0.3354632587859425,0.6322976543983436,0.13355495455759195,0.3359687373804039,1.0858267121529608,20,
REACTOME_RNA_POLYMERASE_III_TRANSCRIPTION_INITIATION_FROM_TYPE_1_PROMOTER,0.09006211180124224,0.3010043669817958,0.26635065708852557,0.451601957834039,1.3998545062207066,17,
REACTOME_RNA_POLYMERASE_III_TRANSCRIPTION_INITIATION_FROM_TYPE_3_PROMOTER,0.26479750778816197,0.54187547970563,0.15016980212840597,0.3795288099715027,1.1549603466184426,16,
REACTOME_RNA_POLYMERASE_II_PRE_TRANSCRIPTION_EVENTS,3.0905639589505e-5,5.897130148700142e-4,0.557332238758646,0.4783836387850572,2.054379694668768,65,
REACTOME_RNA_POLYMERASE_II_PROMOTER_ESCAPE,0.003912027624363346,0.030444042081351572,0.40701791892395395,0.4486630322644344,1.6733560732968071,37,
REACTOME_RNA_POLYMERASE_II_TRANSCRIBES_SNRNA_GENES,5.221839753823898e-4,0.007089651665768601,0.47727081536286214,0.4434617392959322,1.819310832335552,52,
REACTOME_RNA_POLYMERASE_II_TRANSCRIPTION_TERMINATION,7.584152100215091e-4,0.00892401897125309,0.47727081536286214,0.44425958429476653,1.8270543539964843,55,
REACTOME_RNA_POLYMERASE_I_TRANSCRIPTION,0.11494252873563218,0.3477832512315271,0.2616635217115731,0.34408817946115006,1.2875907471184216,36,
REACTOME_RNA_POLYMERASE_I_TRANSCRIPTION_TERMINATION,0.09824561403508772,0.3157255373114404,0.27128855468895297,0.40291588696799435,1.3811118919858518,25,
REACTOME_RND1_GTPASE_CYCLE,0.4276315789473684,0.718828320802005,0.11828752612408502,0.30060104238280927,0.99920134887518,22,
REACTOME_RND2_GTPASE_CYCLE,0.9899713467048711,1,0.030560813861564923,-0.166714721602167,-0.4689271182531126,22,
REACTOME_RND3_GTPASE_CYCLE,0.7267605633802817,0.9298031321437101,0.04424074234773751,-0.28808266043907294,-0.824893696010954,23,
REACTOME_ROS_AND_RNS_PRODUCTION_IN_PHAGOCYTES,0.45794392523364486,0.7507733952049497,0.11012226383553594,0.32876968812205515,1.0004930929475353,16,
REACTOME_RUNX1_INTERACTS_WITH_CO_FACTORS_WHOSE_PRECISE_EFFECT_ON_RUNX1_TARGETS_IS_NOT_KNOWN,0.4714285714285714,0.7547133138969874,0.11724971674979229,0.2787636189259045,0.9742297432412229,27,
REACTOME_RUNX1_REGULATES_GENES_INVOLVED_IN_MEGAKARYOCYTE_DIFFERENTIATION_AND_PLATELET_FUNCTION,0.23659305993690852,0.5092521351081019,0.1608014010700223,0.36915180385371726,1.174578995225065,19,
REACTOME_RUNX1_REGULATES_TRANSCRIPTION_OF_GENES_INVOLVED_IN_DIFFERENTIATION_OF_HSCS,0.5769230769230769,0.8503292114983138,0.12384217120104962,0.22492242742354643,0.9255803280365156,53,
REACTOME_SCF_SKP2_MEDIATED_DEGRADATION_OF_P27_P21,0.0417919657734183,0.1766774121918163,0.3217759180753611,0.32513623573981226,1.333878040088389,52,
REACTOME_SEALING_OF_THE_NUCLEAR_ENVELOPE_NE_BY_ESCRT_III,0.67601246105919,0.9049755439365829,0.08679497567717195,0.2753787675444921,0.8640508574632687,18,
REACTOME_SELECTIVE_AUTOPHAGY,0.8952745849297573,1,0.02984849712507089,-0.21922908030312616,-0.7144204038626,45,
REACTOME_SEMAPHORIN_INTERACTIONS,0.7894736842105263,0.9706343958580251,0.0847985102819124,0.23145018669145628,0.7933631201474762,25,
REACTOME_SENESCENCE_ASSOCIATED_SECRETORY_PHENOTYPE_SASP,0.24899598393574296,0.5265889274083413,0.17821987495197314,0.3140617044596623,1.142441534142665,34,
REACTOME_SENSORY_PERCEPTION,0.39755766621438265,0.698198289421279,0.0709609456938284,-0.3514746959317676,-1.0567536801858024,29,
REACTOME_SEPARATION_OF_SISTER_CHROMATIDS,0.5,0.7809734513274337,0.2114001893849227,0.20562582251784628,1.0035203431099737,136,
REACTOME_SIGNALING_BY_BMP,0.32592592592592595,0.6235872729097661,0.08603472424556043,-0.42757781664892636,-1.1085968578714736,15,
REACTOME_SIGNALING_BY_CSF3_G_CSF,0.7870778267254038,0.9706343958580251,0.04250231800365528,-0.28602449536493835,-0.7700867014701185,18,
REACTOME_SIGNALING_BY_EGFR,0.956989247311828,1,0.02906881864268213,-0.20047454439100665,-0.6143126630713559,33,
REACTOME_SIGNALING_BY_ERBB2,0.7303370786516854,0.9307183709893319,0.09284812141598782,0.2361951701128146,0.8334813869037597,28,
REACTOME_SIGNALING_BY_ERBB4,0.9285714285714286,1,0.06994587365016587,0.21523004402479579,0.6671599663722317,17,
REACTOME_SIGNALING_BY_FGFR,0.9807692307692307,1,0.09026354843400684,0.14831384916406937,0.578819053440126,46,
REACTOME_SIGNALING_BY_FGFR1,0.9775280898876404,1,0.07687367341265418,0.1620255893882293,0.5831830683429324,30,
REACTOME_SIGNALING_BY_FGFR2,0.968421052631579,1,0.027377734957055606,-0.19298688413670703,-0.6117812764289952,39,
REACTOME_SIGNALING_BY_FGFR3,0.6286919831223629,0.8789238417512637,0.05080541390663644,-0.30801113526966595,-0.8896799181970831,24,
REACTOME_SIGNALING_BY_FGFR4,0.6286919831223629,0.8789238417512637,0.05080541390663644,-0.30801113526966595,-0.8896799181970831,24,
REACTOME_SIGNALING_BY_GPCR,1.4336489599363657e-6,4.0402845605267994e-5,0.6435518361507222,-0.4752266367544946,-1.8332583833736753,165,
REACTOME_SIGNALING_BY_HEDGEHOG,0.43356643356643354,0.7253504789049813,0.17821987495197314,0.22286803342623263,1.0071227593420862,85,
REACTOME_SIGNALING_BY_INSULIN_RECEPTOR,0.296137339055794,0.5921085994031714,0.16823816568963962,0.28993470620386463,1.092792242034111,40,
REACTOME_SIGNALING_BY_INTERLEUKINS,0.5833333333333334,0.8562023562023562,0.20207170902115992,0.19402808145888095,0.9472806429440175,149,
REACTOME_SIGNALING_BY_MET,0.02226293424214277,0.11907296647691512,0.35248785758361917,0.37775502084727564,1.4857982237913867,45,
REACTOME_SIGNALING_BY_NOTCH,0.8498402555910544,1,0.07588869006061172,0.22802945493734564,0.7369747413382147,20,
REACTOME_SIGNALING_BY_NTRK1_TRKA,1,1,0.08628656262672446,0.12522444243061498,0.49253681320068243,45,
REACTOME_SIGNALING_BY_NTRKS,1,1,0.08603472424556043,0.09908046199237741,0.40304397718378804,50,
REACTOME_SIGNALING_BY_NUCLEAR_RECEPTORS,0.4583333333333333,0.7507733952049497,0.05513517633852569,-0.2724765537160435,-1.017089565480865,120,
REACTOME_SIGNALING_BY_PDGF,0.9214876033057852,1,0.08528846897905017,0.190212117805152,0.7209152963702431,39,
REACTOME_SIGNALING_BY_PTK6,0.9202702702702703,1,0.03127712552901483,-0.2244067198566132,-0.6766988220340439,31,
REACTOME_SIGNALING_BY_RECEPTOR_TYROSINE_KINASES,1,1,0.2343926472946861,0.1546949645304139,0.7853749201151033,242,
REACTOME_SIGNALING_BY_RETINOIC_ACID,0.003924090409919254,0.030444042081351572,0.40701791892395395,-0.5804712333891368,-1.719695369169412,27,
REACTOME_SIGNALING_BY_RHO_GTPASES_MIRO_GTPASES_AND_RHOBTB3,1,1,0.005814576228395494,-0.16006930840391742,-0.6439053646374934,384,
REACTOME_SIGNALING_BY_ROBO_RECEPTORS,0.9314641744548287,1,0.06994587365016587,0.21974062746098127,0.6687020974179674,16,
REACTOME_SIGNALING_BY_SCF_KIT,0.6475770925110133,0.8940481215702828,0.0514264916187015,-0.3224672879989553,-0.868204556502369,18,
REACTOME_SIGNALING_BY_TGFB_FAMILY_MEMBERS,0.7219251336898396,0.9266893534273214,0.11573444770168878,0.20541042385769037,0.8767559576766751,63,
REACTOME_SIGNALING_BY_TGF_BETA_RECEPTOR_COMPLEX,0.2613065326633166,0.538181720919036,0.19578900214894943,0.26646499262274215,1.0958593627909206,55,
REACTOME_SIGNALING_BY_THE_B_CELL_RECEPTOR_BCR,0.9753086419753086,1,0.10552093684319848,0.16372619619104764,0.73045961383212,75,
REACTOME_SIGNALING_BY_TYPE_1_INSULIN_LIKE_GROWTH_FACTOR_1_RECEPTOR_IGF1R,0.8693759071117562,1,0.03738064947584734,-0.25597992040144935,-0.7042098047907677,20,
REACTOME_SIGNALING_BY_VEGF,0.7406513872135102,0.9335103223507172,0.03622547558572541,-0.24309345988139966,-0.838614411923093,67,
REACTOME_SIGNALING_BY_WNT,0.998911860718172,1,0.013718352020693946,-0.13847068573013227,-0.531672082064992,154,
REACTOME_SIGNALLING_TO_ERKS,0.2546583850931677,0.531919585431291,0.15315880868307333,0.37314763360486974,1.1566654823479119,17,
REACTOME_SIGNAL_AMPLIFICATION,0.6403785488958991,0.8917302870226919,0.09054289484694737,0.2746580713961732,0.873915820437952,19,
REACTOME_SLC_MEDIATED_TRANSMEMBRANE_TRANSPORT,0.011111771808121,0.06942399023480908,0.3807304007227924,0.34087114485186054,1.5153970672928396,74,
REACTOME_SMAD2_SMAD3_SMAD4_HETEROTRIMER_REGULATES_TRANSCRIPTION,0.04635369102450363,0.19250415213705627,0.3217759180753611,0.4649754480616519,1.5170085767020673,21,
REACTOME_SMOOTH_MUSCLE_CONTRACTION,0.0016576287030827025,0.016253970338560943,0.45505986738722953,-0.6195525269950412,-1.8101696203001802,25,
REACTOME_SNRNP_ASSEMBLY,1.1472406717433021e-4,0.0017998931427794917,0.5384340963099162,0.5889203762809672,2.1252881090286286,31,
REACTOME_SPHINGOLIPID_METABOLISM,0.14457831325301204,0.38958888991078816,0.2377938344236881,0.34900287514773587,1.2695447246265292,34,
REACTOME_STABILIZATION_OF_P53,0.036003987656156276,0.1608785777547236,0.3217759180753611,0.3522155249778425,1.3797176428294398,47,
REACTOME_STIMULI_SENSING_CHANNELS,0.10612244897959183,0.33005484131978785,0.15740289930528326,-0.4338070039615744,-1.299319947107579,30,
REACTOME_STRIATED_MUSCLE_CONTRACTION,6.879596268366263e-6,1.5178109267083067e-4,0.610526878385931,-0.7680370924869795,-2.1128971761695348,20,
REACTOME_SULFUR_AMINO_ACID_METABOLISM,0.056296296296296296,0.2154728505142281,0.23112670967383428,-0.5752066788009434,-1.4913596821815218,15,
REACTOME_SUMOYLATION,0.001961446667539111,0.018220807201087007,0.4317076958033464,0.3456491018718972,1.5926939568069083,94,
REACTOME_SUMOYLATION_OF_CHROMATIN_ORGANIZATION_PROTEINS,0.0038302749127470926,0.030383978521342107,0.4317076958033464,0.4939951953237901,1.7780502131999836,30,
REACTOME_SUMOYLATION_OF_DNA_DAMAGE_RESPONSE_AND_REPAIR_PROTEINS,0.02668145316384619,0.13359649598351356,0.35248785758361917,0.36929561922457704,1.4525254326656665,45,
REACTOME_SUMOYLATION_OF_DNA_REPLICATION_PROTEINS,0.0023864388680915265,0.021289162645098742,0.4317076958033464,0.5183513162387423,1.82914906242876,28,
REACTOME_SUMOYLATION_OF_RNA_BINDING_PROTEINS,7.578618102827759e-4,0.00892401897125309,0.47727081536286214,0.5697611778752805,1.9912149518255153,27,
REACTOME_SUMOYLATION_OF_SUMOYLATION_PROTEINS,0.001889264442830381,0.018024604008624986,0.45505986738722953,0.588487181688049,1.9019480997512812,20,
REACTOME_SUMOYLATION_OF_TRANSCRIPTION_COFACTORS,0.002846910049269829,0.024215885479331314,0.4317076958033464,0.5269820568985281,1.8063849284342974,25,
REACTOME_SUMOYLATION_OF_UBIQUITINYLATION_PROTEINS,8.045163949161365e-4,0.009311288111652334,0.47727081536286214,0.5905382175775995,1.970798618345216,23,
REACTOME_SWITCHING_OF_ORIGINS_TO_A_POST_REPLICATIVE_STATE,0.538961038961039,0.8207501645097609,0.15214492236756472,0.21496312652086694,0.9584112439569142,78,
REACTOME_SYNTHESIS_OF_ACTIVE_UBIQUITIN_ROLES_OF_E1_AND_E2_ENZYMES,0.12734082397003746,0.36397822559856863,0.24504178543099617,0.3641934004638022,1.2851593043785845,28,
REACTOME_SYNTHESIS_OF_BILE_ACIDS_AND_BILE_SALTS,0.21925925925925926,0.4923445225084569,0.10968406197054928,-0.4659172871314977,-1.2080010244452808,15,
REACTOME_SYNTHESIS_OF_PA,0.045588235294117645,0.19044552732335535,0.25720646646883816,-0.5680015504220194,-1.5111359993260565,17,
REACTOME_SYNTHESIS_OF_PIPS_AT_THE_PLASMA_MEMBRANE,0.7283018867924528,0.9298031321437101,0.09344492194109945,0.23645132254014917,0.8449014147190419,29,
REACTOME_SYNTHESIS_OF_SUBSTRATES_IN_N_GLYCAN_BIOSYTHESIS,0.9864864864864865,1,0.027799559409767232,-0.1781074766680556,-0.5370833802737273,31,
REACTOME_S_PHASE,0.22935779816513763,0.502877656846544,0.2878571172551493,0.23162492769796306,1.1110492017577764,122,
REACTOME_TAK1_DEPENDENT_IKK_AND_NF_KAPPA_B_ACTIVATION,0.025387990377177913,0.1313008155406069,0.35248785758361917,0.43589454371738057,1.509349373055964,26,
REACTOME_TBC_RABGAPS,0.610223642172524,0.8730813047127952,0.09405034657278127,0.28013644819821026,0.9053807829651142,20,
REACTOME_TCF_DEPENDENT_SIGNALING_IN_RESPONSE_TO_WNT,0.9988662131519275,1,0.016838053046391015,-0.13447198647265898,-0.497180982761876,110,
REACTOME_TCR_SIGNALING,0.7528735632183908,0.9407588241277591,0.11776578836269024,0.19851168916914486,0.882591924746996,72,
REACTOME_TELOMERE_C_STRAND_LAGGING_STRAND_SYNTHESIS,0.3546325878594249,0.6511198945981554,0.12944288774504625,0.3304024803083826,1.0678369710162203,20,
REACTOME_TELOMERE_MAINTENANCE,0.03740197645568249,0.16607418476548327,0.3217759180753611,0.3980542797896959,1.4364930500916953,31,
REACTOME_TERMINATION_OF_TRANSLESION_DNA_SYNTHESIS,0.1861198738170347,0.4439210503879274,0.18302393838448722,0.3871274895268287,1.2317746058004138,19,
REACTOME_TGF_BETA_RECEPTOR_SIGNALING_ACTIVATES_SMADS,0.8616010854816825,1,0.03464101674132508,-0.24053272277111631,-0.723192431590676,29,
REACTOME_THE_CITRIC_ACID_TCA_CYCLE_AND_RESPIRATORY_ELECTRON_TRANSPORT,1.3149561851444063e-27,9.283590667119509e-25,1.3651796021616889,-0.7131200510037514,-2.7380959390811532,154,
REACTOME_THE_ROLE_OF_GTSE1_IN_G2_M_PROGRESSION_AFTER_G2_CHECKPOINT,0.020215052722594405,0.10978328632424347,0.35248785758361917,0.3461796887810641,1.466916467731361,61,
REACTOME_THROMBIN_SIGNALLING_THROUGH_PROTEINASE_ACTIVATED_RECEPTORS_PARS,0.9720998531571219,1,0.03265132656185353,-0.19954691007457787,-0.5372561590286897,18,
REACTOME_TNFR1_INDUCED_NF_KAPPA_B_SIGNALING_PATHWAY,0.20714285714285716,0.4763610981852025,0.1847064712077387,0.35068591105303726,1.2143018709833784,26,
REACTOME_TNFR1_INDUCED_PROAPOPTOTIC_SIGNALING,0.11801242236024845,0.3477832512315271,0.23112670967383428,0.4238793778150039,1.3139213567059476,17,
REACTOME_TNFR2_NON_CANONICAL_NF_KB_PATHWAY,5.90314205832464e-4,0.007863430741843766,0.47727081536286214,0.4402293179165121,1.8462392960562255,58,
REACTOME_TNF_SIGNALING,0.2018348623853211,0.47075035561877665,0.21392785549235627,0.30924959647810524,1.180247674077942,43,
REACTOME_TOLL_LIKE_RECEPTOR_4_TLR4_CASCADE,0.9468713105076741,1,0.022726926034006716,-0.1919479722186268,-0.6767438024670687,79,
REACTOME_TOLL_LIKE_RECEPTOR_9_TLR9_CASCADE,0.8955773955773956,1,0.02786991148742008,-0.21035414937916225,-0.7197322282704053,64,
REACTOME_TOLL_LIKE_RECEPTOR_CASCADES,0.8888888888888888,1,0.11934844059101546,0.17872622823009854,0.8210818059227856,91,
REACTOME_TP53_REGULATES_METABOLIC_GENES,0.08373786407766991,0.29266798039027203,0.16823816568963962,-0.3851179086014358,-1.321270836699488,65,
REACTOME_TP53_REGULATES_TRANSCRIPTION_OF_CELL_CYCLE_GENES,0.004622820932864317,0.03509367288819578,0.40701791892395395,0.5010458157701956,1.7174808861407307,25,
REACTOME_TP53_REGULATES_TRANSCRIPTION_OF_DNA_REPAIR_GENES,0.010713251343159196,0.06814013917360713,0.3807304007227924,0.42422480038265376,1.5874649589133512,36,
REACTOME_TRANSCRIPTIONAL_ACTIVITY_OF_SMAD2_SMAD3_SMAD4_HETEROTRIMER,0.07287802137171297,0.2598579953961079,0.2878051305355643,0.37426274065464205,1.3506344565437354,31,
REACTOME_TRANSCRIPTIONAL_REGULATION_BY_E2F6,0.15141955835962145,0.3947599648534228,0.20429475651688608,0.4057291290815822,1.290961896420885,19,
REACTOME_TRANSCRIPTIONAL_REGULATION_BY_RUNX1,0.3435114503816794,0.6431719726924269,0.2114001893849227,0.22385506703510138,1.043573540051687,104,
REACTOME_TRANSCRIPTIONAL_REGULATION_BY_RUNX2,0.16080402010050251,0.41133202243099554,0.2529611230696109,0.2864587168965764,1.1780852106476474,55,
REACTOME_TRANSCRIPTIONAL_REGULATION_BY_RUNX3,0.11371374389035746,0.34604268614910505,0.2878051305355643,0.2911011072125329,1.2335241546044595,61,
REACTOME_TRANSCRIPTIONAL_REGULATION_BY_SMALL_RNAS,8.816976426531897e-4,0.009880611677986538,0.47727081536286214,0.6140238610184845,1.9844808043501483,20,
REACTOME_TRANSCRIPTIONAL_REGULATION_BY_TP53,0.36647096153057157,0.6583422362355815,0.20350895946197697,0.20088766663060117,1.0355043761750196,215,
REACTOME_TRANSCRIPTION_COUPLED_NUCLEOTIDE_EXCISION_REPAIR_TC_NER,0.09483419021567711,0.30853888613948405,0.2878051305355643,0.29827447766524945,1.2421799054104485,57,
REACTOME_TRANSFERRIN_ENDOCYTOSIS_AND_RECYCLING,0.5049180327868853,0.7857175979596569,0.10714023727672473,0.2974000648821002,0.970284454843038,21,
REACTOME_TRANSLATION,0.9199157007376185,1,0.01746981061289329,-0.1916986796475797,-0.7482043384181145,194,
REACTOME_TRANSLESION_SYNTHESIS_BY_POLH,0.032857767436085455,0.15362638284686314,0.3217759180753611,0.5053344374237235,1.53780482975446,16,
REACTOME_TRANSLESION_SYNTHESIS_BY_Y_FAMILY_DNA_POLYMERASES_BYPASSES_LESIONS_ON_DNA_TEMPLATE,0.02076376631092891,0.11190243523294512,0.35248785758361917,0.4438430305572819,1.5214016312203529,25,
REACTOME_TRANSMISSION_ACROSS_CHEMICAL_SYNAPSES,0.05415162454873646,0.2142921599028704,0.2114001893849227,-0.4024196080091287,-1.3860349176636708,66,
REACTOME_TRANSPORT_OF_BILE_SALTS_AND_ORGANIC_ACIDS_METAL_IONS_AND_AMINE_COMPOUNDS,8.316234374558884e-5,0.0013979193972472792,0.5384340963099162,0.6977338421278598,2.189266550749281,18,
REACTOME_TRANSPORT_OF_INORGANIC_CATIONS_ANIONS_AND_AMINO_ACIDS_OLIGOPEPTIDES,0.30677290836653387,0.6049767410803712,0.15851410542482433,0.29288595105548415,1.079548238630247,35,
REACTOME_TRANSPORT_OF_MATURE_MRNAS_DERIVED_FROM_INTRONLESS_TRANSCRIPTS,0.03415582426864003,0.15658449307571337,0.3217759180753611,0.43933591192621463,1.5698602551073086,29,
REACTOME_TRANSPORT_OF_MATURE_TRANSCRIPT_TO_CYTOPLASM,2.2387319105041754e-4,0.0034231703036141795,0.5188480777437918,0.437733696381944,1.854871295206725,61,
REACTOME_TRANSPORT_OF_SMALL_MOLECULES,0.6222910216718266,0.8769210804397396,0.03707053936576206,-0.23932454025567898,-0.9490429602366705,290,
REACTOME_TRANSPORT_OF_THE_SLBP_DEPENDANT_MATURE_MRNA,0.017996916667877685,0.10293611728758438,0.35248785758361917,0.4729815181119735,1.5721960481050596,22,
REACTOME_TRANSPORT_OF_VITAMINS_NUCLEOSIDES_AND_RELATED_MOLECULES,0.45374449339207046,0.7484663839598171,0.06831108583186465,-0.37936463260158587,-1.021393843215536,18,
REACTOME_TRANSPORT_TO_THE_GOLGI_AND_SUBSEQUENT_MODIFICATION,0.168444259235521,0.4232087082572165,0.24924655438329513,0.23102117003450506,1.1128491747987934,125,
REACTOME_TRANS_GOLGI_NETWORK_VESICLE_BUDDING,8.622017923001642e-4,0.009817975247805096,0.47727081536286214,0.4357334124069084,1.780775614103183,54,
REACTOME_UBIQUITIN_MEDIATED_DEGRADATION_OF_PHOSPHORYLATED_CDC25A,0.4212962962962963,0.7163589572877189,0.1446305280344838,0.25882448238360917,1.0019574446631203,44,
REACTOME_UB_SPECIFIC_PROCESSING_PROTEASES,0.5327102803738317,0.8158209499868226,0.18643255843407516,0.20156248543691907,0.9765390486928441,126,
REACTOME_UCH_PROTEINASES,0.019453840629063232,0.10646830607843909,0.35248785758361917,0.3434124730985441,1.4747569825368168,65,
REACTOME_VASOPRESSIN_REGULATES_RENAL_WATER_HOMEOSTASIS_VIA_AQUAPORINS,0.1,0.31945701357466066,0.16957064440562838,-0.5128968833838466,-1.364533149333148,17,
REACTOME_VEGFR2_MEDIATED_VASCULAR_PERMEABILITY,0.667144906743185,0.9023070960932733,0.048995408986248136,-0.3120736009538634,-0.866428141395609,21,
REACTOME_VESICLE_MEDIATED_TRANSPORT,0.5590923568933778,0.8297112427122069,NA,0.1610207112181669,0.8447602120540596,369,
REACTOME_VISUAL_PHOTOTRANSDUCTION,0.39755766621438265,0.698198289421279,0.0709609456938284,-0.3514746959317676,-1.0567536801858024,29,
WP_ADIPOGENESIS_GENES,0.39858490566037735,0.6982653682288497,0.06392719333599958,-0.2988885764726314,-1.0541131638793064,78,
WP_ALPHA_6_BETA_4_INTEGRIN_SIGNALING_PATHWAY,0.41735537190082644,0.7163589572877189,0.13649043778041264,0.2659167357421673,1.0078403235788995,39,
WP_ALZHEIMER_39_S_DISEASE,0.9752066115702479,1,0.08220549204158693,0.16640926076632964,0.6307010453824107,39,
WP_AMINO_ACID_METABOLISM,5.077460140657232e-4,0.007028797763341188,0.47727081536286214,-0.50622612184223,-1.7435708080379577,66,
WP_APOPTOSIS,0.02737676908841277,0.13516083200293297,0.35248785758361917,0.3756592960087934,1.46607184263188,46,
WP_CALCIUM_REGULATION_IN_CARDIAC_CELLS,1.0123333801050313e-4,0.0016621101543119817,0.5384340963099162,-0.5345496683361921,-1.8411242662974054,66,
WP_CHEMOKINE_SIGNALING_PATHWAY,0.38362573099415204,0.6839388032370488,0.06538341954687732,-0.29718283334678475,-1.054587648639446,82,
WP_CHOLESTEROL_METABOLISM_WITH_BLOCH_AND_KANDUTSCH_RUSSELL_PATHWAYS,0.0345469214930901,0.1573556553169136,0.3217759180753611,0.40543279978565916,1.4631205560181828,31,
WP_COMPREHENSIVE_IL_17A_SIGNALING,0.6083333333333333,0.8729336043360434,0.04468543976441472,-0.26246031963823463,-0.9170277678566644,75,
WP_CYTOPLASMIC_RIBOSOMAL_PROTEINS,2.0706651354062123e-7,6.961378979032314e-6,0.6901324587967956,0.565904840853277,2.373298897848294,58,
WP_DELTA_NOTCH_SIGNALING_PATHWAY,0.6521739130434783,0.8940481215702828,0.04477488932969301,-0.26741058096776793,-0.8828335648211766,50,
WP_DRAVET_SYNDROME_SCN1A_A1783V_POINT_MUTATION_MODEL,0.01837103509665104,0.10293611728758438,0.35248785758361917,-0.5192918234577124,-1.5613173633298085,29,
WP_DYSREGULATED_MIRNA_TARGETING_IN_INSULIN_PI3K_AKT_SIGNALING,0.9985486211901307,1,0.030775259761366663,-0.16428853467425297,-0.4519635632000997,20,
WP_EGFR1_SIGNALING_PATHWAY,0.3096846846846847,0.6056437323750343,0.07417589655880091,-0.2933941808922008,-1.0912623638836159,113,
WP_ELECTRON_TRANSPORT_CHAIN,2.573444512910059e-17,3.633703652229003e-15,1.0768681926198325,-0.7230455636378929,-2.586381934413621,86,
WP_ENDOCHONDRAL_OSSIFICATION,0.703851261620186,0.9117927314249714,0.04301731969275082,-0.27408262056501725,-0.8457360557227298,34,
WP_EPO_RECEPTOR_SIGNALING,0.10719530102790015,0.33192930932323467,0.16318012718068908,-0.5201147283053377,-1.3655369270929907,16,
WP_ERBB_SIGNALING_PATHWAY,0.4607142857142857,0.7525315331319952,0.11881503941226282,0.2836597076745603,0.9913407109595642,27,
WP_ESC_PLURIPOTENCY_PATHWAYS,0.009619042894403799,0.06288003966156558,0.3807304007227924,-0.46102800196638294,-1.5578849060641005,59,
WP_ESTROGEN_SIGNALING,0.9851301115241635,1,0.023224832065442805,-0.1741614301335628,-0.5895353973208073,57,
WP_EUKARYOTIC_TRANSCRIPTION_INITIATION,0.0018656028078578599,0.018024604008624986,0.45505986738722953,0.4977960884889869,1.7985608658255285,33,
WP_EXERCISE_INDUCED_CIRCADIAN_REGULATION,0.7473262032085561,0.9371444040235181,0.040575644789065675,-0.2642028216695094,-0.8057956222248057,32,
WP_FACTORS_AND_PATHWAYS_AFFECTING_INSULIN_LIKE_GROWTH_FACTOR_IGF1_AKT_SIGNALING,0.5098591549295775,0.7889809315411065,0.06064040094941603,-0.3380546688864614,-0.9679831644379331,23,
WP_FAS_PATHWAY_AND_STRESS_INDUCTION_OF_HSP_REGULATION,0.8738170347003155,1,0.07380527241712746,0.2236901052347879,0.7117443184771274,19,
WP_FATTY_ACID_BETA_OXIDATION,1.3642225232193585e-6,4.01308792247028e-5,0.6435518361507222,-0.7429149125166448,-2.2009485763531416,27,
WP_FATTY_ACID_BIOSYNTHESIS,0.0013955567075432918,0.014489162287140648,0.45505986738722953,-0.6886884837225323,-1.8322167594457524,17,
WP_FIBRIN_COMPLEMENT_RECEPTOR_3_SIGNALING_PATHWAY,0.7403156384505022,0.9335103223507172,0.04424074234773751,-0.2909230815556328,-0.8077067206930936,21,
WP_FOCAL_ADHESION,0.5988636363636364,0.8662576687116564,0.0432768714901103,-0.2560942146719009,-0.9449983581008758,109,
WP_FOCAL_ADHESION_PI3K_AKT_MTOR_SIGNALING_PATHWAY,0.5436893203883495,0.8207501645097609,0.0453152441270267,-0.25489825020949447,-0.9844532532656844,170,
WP_G13_SIGNALING_PATHWAY,0.7419804741980475,0.9335103223507172,0.042845050912155014,-0.28133983092686643,-0.8220010293465866,25,
WP_G1_TO_S_CELL_CYCLE_CONTROL,0.42592592592592593,0.7176699372403429,0.14375898903927542,0.2576787923729661,0.9975222667198738,44,
WP_GLUTATHIONE_AND_ONE_CARBON_METABOLISM,0.1526479750778816,0.3947599648534228,0.20207170902115992,0.394905507456616,1.2390876950225536,18,
WP_GLYCEROLIPIDS_AND_GLYCEROPHOSPHOLIPIDS_WP4345,0.10425844346549193,0.32713982705172134,0.16565669520548273,-0.5232981409154023,-1.3738948282187298,16,
WP_GLYCEROLIPIDS_AND_GLYCEROPHOSPHOLIPIDS_WP5296,0.10425844346549193,0.32713982705172134,0.16565669520548273,-0.5232981409154023,-1.3738948282187298,16,
WP_GLYCOGEN_METABOLISM,0.03783783783783784,0.16695945945945945,0.27128855468895297,-0.4901214640970095,-1.477962057553212,31,
WP_GLYCOLYSIS_AND_GLUCONEOGENESIS,3.952005436265545e-7,1.2130938426102064e-5,0.674962860011025,-0.7375063306870779,-2.2089470152139796,30,
WP_GPCRS_NON_ODORANT,5.766484546970861e-6,1.3132703516649766e-4,0.610526878385931,-0.6582910042060633,-2.0545321998471677,37,
WP_GPCRS_ODORANT,0.05433186490455213,0.2142921599028704,0.2343926472946861,-0.582030223089826,-1.5280931668728757,16,
WP_G_PROTEIN_SIGNALING_PATHWAYS,0.1520912547528517,0.3947599648534228,0.12384217120104962,-0.37606319490559403,-1.251633123624453,52,
WP_HEART_DEVELOPMENT,0.0014383732794704272,0.014608858701425054,0.45505986738722953,-0.6275472901075682,-1.812649472035784,24,
WP_ID_SIGNALING_PATHWAY,0.005908464987223286,0.04172342834618952,0.40701791892395395,-0.5614605263536661,-1.6881029683527418,29,
WP_IL_1_SIGNALING_PATHWAY,0.20205479452054795,0.47075035561877665,0.18302393838448722,0.36952394179672254,1.2332093880829353,23,
WP_IL_2_SIGNALING_PATHWAY,0.34474017743979724,0.6431719726924269,0.07473852274390924,-0.32624385130485656,-1.0858217879430536,52,
WP_IL_3_SIGNALING_PATHWAY,0.9001203369434416,1,0.026535090911575503,-0.20862100708940576,-0.7185435168395603,66,
WP_IL_5_SIGNALING_PATHWAY,0.6436781609195402,0.8940481215702828,0.0453152441270267,-0.27147189165307684,-0.8846684856040493,45,
WP_IL_6_SIGNALING_PATHWAY,0.47342995169082125,0.7549007960080789,0.056886416047570075,-0.2901789704256983,-1.0067895743189281,71,
WP_IL_7_SIGNALING_PATHWAY,0.6935483870967742,0.9067502986857826,0.04424074234773751,-0.27539356286727384,-0.8438864570642878,33,
WP_IL_9_SIGNALING_PATHWAY,0.03840957454286217,0.1675681933924572,0.3217759180753611,-0.5695278018865382,-1.5474783479809204,19,
WP_INSULIN_SIGNALING,0.29689298043728424,0.5921085994031714,0.07747675478485777,-0.30080465369933646,-1.101343214506976,105,
WP_INTEGRIN_MEDIATED_CELL_ADHESION,0.15828220858895706,0.4063535973229225,0.11881503941226282,-0.3622935974350483,-1.2383372271784119,63,
WP_KIT_RECEPTOR_SIGNALING_PATHWAY,0.6853055916775033,0.9049755439365829,0.0432768714901103,-0.2690912077949287,-0.8580846703041743,40,
WP_LUNG_FIBROSIS,0.0014484704094897363,0.014608858701425054,0.45505986738722953,0.5507215328333184,1.8877589163645756,25,
WP_MAPK_CASCADE,0.36585365853658536,0.6583422362355815,0.07808923069433449,-0.3886984245956599,-1.0791661087526847,21,
WP_MAPK_SIGNALING_PATHWAY,0.42403628117913833,0.7176699372403429,0.05909547987173424,-0.2762360589065969,-1.0213228706141955,110,
WP_MECHANISMS_ASSOCIATED_WITH_PLURIPOTENCY,1,1,0.16440575583821013,0.14919564891815507,0.7405052906824064,174,
WP_MECP2_AND_ASSOCIATED_RETT_SYNDROME,0.16178521617852162,0.41161199480782346,0.12625398784911535,-0.4340119038122763,-1.2680686929647769,25,
WP_METAPATHWAY_BIOTRANSFORMATION,0.36363636363636365,0.6565914903510811,0.07253518643945886,-0.33448951397996896,-1.0779544891741057,42,
WP_MICRORNAS_IN_CARDIOMYOCYTE_HYPERTROPHY,0.6802973977695167,0.9049755439365829,0.041404427376027834,-0.25957904965470524,-0.8786735275255038,57,
WP_MITOCHONDRIAL_GENE_EXPRESSION,0.9388379204892966,1,0.06863256318367258,0.20916949370506824,0.6219201833079966,15,
WP_MRNA_PROCESSING,2.81162922780581e-10,1.5269309498699246e-8,0.8140358378479079,0.34815794589147353,1.818509415675196,320,
WP_MYOMETRIAL_RELAXATION_AND_CONTRACTION_PATHWAYS,1.0367439902362448e-4,0.001663502857060884,0.5384340963099162,-0.5133215048576226,-1.8260375221785332,83,
WP_NEURAL_CREST_DIFFERENTIATION,0.30213903743315507,0.5991858438983356,0.08455574424412811,-0.3726751328580486,-1.1366267349888783,32,
WP_NOTCH_SIGNALING_PATHWAY,0.3452722063037249,0.6431719726924269,0.08108020575508663,-0.3887903684379569,-1.0935707736191145,22,
WP_NOVEL_JUN_DMP1_PATHWAY,0.602322206095791,0.8663015015622826,0.05423159354958409,-0.32600347467274127,-0.8968470765221133,20,
WP_NUCLEAR_RECEPTORS,0.04552129221732746,0.19044552732335535,0.25720646646883816,-0.5612961831641295,-1.51122275625075,18,
WP_ONE_CARBON_METABOLISM,0.2874617737003058,0.5781994650496178,0.14205664357582118,0.38093463656592874,1.1326266311831066,15,
WP_ONE_CARBON_METABOLISM_AND_RELATED_PATHWAYS,0.8213296398891967,0.9828113995962252,0.03784877227050295,-0.25783559566959824,-0.7638598682853229,27,
WP_OXIDATIVE_DAMAGE_RESPONSE,0.5993150684931506,0.8662576687116564,0.09923333437711905,0.2720009444042916,0.9077466444415702,23,
WP_OXIDATIVE_PHOSPHORYLATION,4.8006823079559784e-12,4.841831013452744e-10,0.8870749883998732,-0.7404964859856485,-2.4584899145760972,51,
WP_OXIDATIVE_STRESS_AND_REDOX_PATHWAY,1.5901745711688014e-6,4.158012026833977e-5,0.6435518361507222,0.5468408492307716,2.2348546642924236,54,
WP_OXIDATIVE_STRESS_RESPONSE,0.17465753424657535,0.4300577471309179,0.19782202131510335,0.3868649321480021,1.2910813408334763,23,
WP_P38_MAPK_SIGNALING_PATHWAY,0.6907216494845361,0.9049755439365829,0.0911073131586733,0.24880518479953795,0.841776572278416,24,
WP_P53_SIGNALING,0.014861732326065474,0.08817128590085903,0.3807304007227924,0.4092338625951197,1.542442421181377,40,
WP_PARKINSON_39_S_DISEASE,0.4054982817869416,0.7068686097322981,0.12503336755527242,0.30198275290328924,1.0216909540327344,24,
WP_PPAR_SIGNALING_PATHWAY,7.01016921570848e-4,0.008682770993491556,0.47727081536286214,-0.582618424165557,-1.8290281514210038,38,
WP_PRIMARY_FOCAL_SEGMENTAL_GLOMERULOSCLEROSIS_FSGS,0.8979848866498741,1,0.028998111999357784,-0.21772323296106338,-0.7135351895119946,46,
WP_PROSTAGLANDIN_SYNTHESIS_AND_REGULATION,0.055632966353016115,0.2154728505142281,0.3217759180753611,0.528614965598239,1.5717221019225578,15,
WP_PROTEASOME_DEGRADATION,0.26146788990825687,0.538181720919036,0.18643255843407516,0.2923481570802967,1.1157435170313048,43,
WP_PURINE_METABOLISM,0.3213872832369942,0.6199437758615244,0.07362127410143941,-0.29883808608950474,-1.0840565578390804,99,
WP_REGULATION_OF_ACTIN_CYTOSKELETON,0.9138533178114087,1,0.023932954962491742,-0.200671090383575,-0.7171584603750862,85,
WP_RETINOL_METABOLISM,6.933299545470852e-4,0.008682770993491556,0.47727081536286214,-0.7176964678601385,-1.8842785561955584,16,
WP_SELENIUM_METABOLISM_SELENOPROTEINS,0.3609625668449198,0.6551145814717567,0.07511816352763015,-0.35643195232809616,-1.0870864474199005,32,
WP_SIDS_SUSCEPTIBILITY_PATHWAYS,0.09762900976290098,0.3157255373114404,0.16693384871319314,-0.46503620191906236,-1.3587135365850984,25,
WP_SIGNAL_TRANSDUCTION_OF_S1P_RECEPTOR,0.4174454828660436,0.7163589572877189,0.11623414877971643,0.3367501704377246,1.0247788398508602,16,
WP_SPHINGOLIPID_METABOLISM_INTEGRATED_PATHWAY,0.13707165109034267,0.38161109732219184,0.21392785549235627,0.4277191110749611,1.3016103120592126,16,
WP_SPHINGOLIPID_METABOLISM_OVERVIEW,0.1620795107033639,0.41161199480782346,0.19381330272531053,0.4307678229865175,1.2807948171099397,15,
WP_SPINAL_CORD_INJURY,0.008128077365392195,0.05465164399968466,0.3807304007227924,-0.49910720532104996,-1.6264829953360593,45,
WP_SPLICING_FACTOR_NOVA_REGULATED_SYNAPTIC_PROTEINS,0.6497890295358649,0.8940481215702828,0.04929176623126693,-0.30258857272018885,-0.8740170266551471,24,
WP_TCA_CYCLE,7.103155202278065e-11,4.179022977340262e-9,0.8390889356212738,-0.8339632169053086,-2.500479451824865,28,
WP_TGF_BETA_SIGNALING_PATHWAY,0.4112903225806452,0.7134421811841167,0.06879430956047748,-0.34159447148087285,-1.0467454115101165,33,
WP_TOLL_LIKE_RECEPTOR_SIGNALING,0.09180327868852459,0.3020064505177389,0.27128855468895297,0.4331364300853253,1.4131319880666722,21,
WP_TRANSLATION_FACTORS,0.03260842800738448,0.15362638284686314,0.3217759180753611,0.35837384429098407,1.3677298240379452,43,
WP_TRIACYLGLYCERIDE_SYNTHESIS,0.5447870778267254,0.8207501645097609,0.05947602869573201,-0.36067769837405117,-0.9469424515499149,16,
WP_TRYPTOPHAN_METABOLISM,0.18938307030129126,0.44717206566124296,0.11724971674979229,-0.44171236817741205,-1.2263518125904787,21,
WP_TYPE_II_INTERFERON_SIGNALING_IFNG,0.018285345069341225,0.10293611728758438,0.35248785758361917,-0.6412016185524454,-1.6624672092682313,15,
WP_TYROBP_CAUSAL_NETWORK_IN_MICROGLIA,0.1737704918032787,0.4300577471309179,0.19381330272531053,0.3824879028660461,1.2478883165797703,21,
WP_WHITE_FAT_CELL_DIFFERENTIATION,0.4669603524229075,0.7544027661569169,0.0668966276500666,-0.3742503472597057,-1.0076242423836896,18,
WP_WNT_SIGNALING_IN_KIDNEY_DISEASE,0.22466960352422907,0.4974677412251728,0.10755437526516934,-0.445043523709493,-1.198226392277358,18,
WP_WNT_SIGNALING_PATHWAY_AND_PLURIPOTENCY,0.36018957345971564,0.6551145814717567,0.1596467019199062,0.259362538518161,1.0574360768562154,51,
WP_WNT_SIGNALING_PATHWAY_WP403,0.8040816326530612,0.975397994249246,0.03800562415813769,-0.25684036430041257,-0.770086785980292,28,
WP_WNT_SIGNALING_PATHWAY_WP539,0.9211165048543689,1,0.025762962983741436,-0.20395447899872676,-0.6997314305477904,65,
